1
1
1
1
1
1
1
1
1
1
0.999999
0.999999
0.999998
0.999997
0.999958
0.999983
0.999983
0.99993
0.999928
0.999922
0.99992
0.999944
0.999942
0.999812
0.999807
0.99981
0.999805
0.999761
0.999755
0.999691
0.999684
0.999703
0.999696
0.999648
0.99964
0.99978
0.999775
0.999825
0.999821
0.999629
0.999621
0.999643
0.999636
0.9996
0.999591
0.999466
0.999455
0.999459
0.999447
0.999486
0.999475
0.999323
0.999309
0.999599
0.999592
0.999673
0.999668
0.999545
0.999538
0.999372
0.999361
0.999403
0.999393
0.999406
0.999396
0.999335
0.999324
0.999349
0.999339
0.999331
0.99932
0.999363
0.999353
0.999342
0.999332
0.999308
0.999298
0.999406
0.999397
0.999379
0.99937
0.999057
0.999042
0.998954
0.998937
0.998643
0.998619
0.998195
0.998163
0.997615
0.997571
0.998198
0.998168
0.998261
0.998233
0.998079
0.998048
0.997599
0.997558
0.997421
0.997377
0.997736
0.9977
0.998021
0.997993
0.997862
0.997831
0.998382
0.998362
0.997897
0.997868
0.998083
0.998058
0.997803
0.997773
0.997604
0.997571
0.997418
0.997382
0.997306
0.997269
0.99664
0.996591
0.996863
0.99682
0.996113
0.996055
0.995646
0.99558
0.996105
0.996051
0.996011
0.995956
0.996246
0.996197
0.996921
0.996886
0.996472
0.99643
0.996836
0.996802
0.996018
0.995969
0.995813
0.995762
0.995808
0.995758
0.995328
0.995269
0.9954
0.995344
0.994616
0.994547
0.995268
0.995213
0.994717
0.994653
0.994812
0.994751
0.994877
0.994819
0.995371
0.995324
0.995272
0.995225
0.994864
0.994811
0.994061
0.993994
0.993819
0.993749
0.993467
0.993393
0.993384
0.99331
0.991886
0.991785
0.991503
0.991397
0.991339
0.991233
0.99141
0.991309
0.991354
0.991254
0.991471
0.991376
0.991417
0.991324
0.990513
0.990405
0.99071
0.990608
0.989533
0.989412
0.990287
0.990183
0.988749
0.98862
0.989562
0.989451
0.987848
0.987707
0.986852
0.986697
0.987099
0.986953
0.986944
0.986798
0.985038
0.98486
0.984112
0.983921
0.983719
0.983525
0.983644
0.983454
0.982873
0.982674
0.98199
0.98178
0.98256
0.982366
0.982132
0.981934
0.981693
0.981493
0.981368
0.981168
0.981202
0.981004
0.979283
0.979054
0.978966
0.978737
0.977842
0.977599
0.977949
0.977714
0.978539
0.978321
0.977943
0.977719
0.976242
0.975994
0.975147
0.974885
0.975522
0.975274
0.976069
0.975837
0.976022
0.975795
0.974531
0.974284
0.974415
0.974172
0.975271
0.97505
0.974054
0.973818
0.974169
0.973941
0.974532
0.974316
0.972737
0.972495
0.97428
0.974071
0.974125
0.973919
0.973986
0.973784
0.973861
0.973661
0.972949
0.972739
0.972859
0.972654
0.971302
0.971075
0.970183
0.969943
0.972085
0.971884
0.970586
0.970364
0.971421
0.971219
0.970063
0.969844
0.969379
0.969154
0.968849
0.968622
0.968107
0.967873
0.96927
0.969062
0.968987
0.968779
0.969632
0.96944
0.968504
0.9683
0.967995
0.967787
0.967917
0.967713
0.970099
0.969936
0.969422
0.969252
0.969155
0.968986
0.969568
0.96941
0.968931
0.968767
0.966924
0.966733
0.968026
0.967857
0.968375
0.968216
0.967675
0.967509
0.966598
0.966419
0.96573
0.965543
0.967991
0.967844
0.967894
0.967749
0.967385
0.967236
0.967897
0.96776
0.965289
0.965115
0.966246
0.966091
0.966583
0.966438
0.965
0.964834
0.965716
0.965566
0.966299
0.966162
0.968366
0.968263
0.967657
0.967547
0.965075
0.964929
0.966384
0.966261
0.964501
0.964353
0.966062
0.965942
0.96608
0.965963
0.966884
0.966782
0.965804
0.965689
0.967861
0.967779
0.966235
0.966131
0.967711
0.967631
0.967474
0.967393
0.966361
0.966266
0.966453
0.966362
0.967707
0.967636
0.966986
0.966907
0.966608
0.966526
0.966084
0.965996
0.967144
0.967073
0.966933
0.966862
0.968206
0.968154
0.969196
0.969159
0.968391
0.968344
0.969041
0.969004
0.968915
0.968877
0.968339
0.968295
0.969055
0.969022
0.968726
0.968689
0.967689
0.967638
0.968658
0.968622
0.968992
0.968962
0.968253
0.968213
0.968174
0.968135
0.969676
0.969658
0.970473
0.970466
0.970248
0.970238
0.969726
0.969709
0.969701
0.969685
0.967716
0.967673
0.969184
0.969162
0.969819
0.969807
0.970024
0.970015
0.970014
0.970004
0.971217
0.971223
0.971914
0.971929
0.970499
0.970496
0.971958
0.971974
0.973577
0.973613
0.973863
0.973902
0.974118
0.974159
0.97327
0.973299
0.974037
0.974074
0.975121
0.975171
0.97623
0.976292
0.977898
0.977978
0.978214
0.978296
0.979497
0.97959
0.981045
0.981153
0.981152
0.981258
0.982362
0.982477
0.983436
0.983558
0.983325
0.983443
0.984177
0.9843
0.983548
0.983662
0.983537
0.983648
0.983343
0.983449
0.98355
0.983655
0.98258
0.982673
0.981942
0.982026
0.980954
0.981024
0.981216
0.981287
0.981617
0.981691
0.982942
0.983028
0.983153
0.983239
0.983671
0.983761
0.984888
0.984988
0.986416
0.986528
0.986703
0.986814
0.987055
0.987166
0.986749
0.986855
0.98705
0.987156
0.987579
0.987687
0.988514
0.988627
0.989825
0.989945
0.989107
0.989219
0.98955
0.989662
0.990799
0.990917
0.991381
0.9915
0.992132
0.992252
0.992036
0.992152
0.992106
0.99222
0.992414
0.992526
0.99309
0.993203
0.993786
0.9939
0.9929
0.993006
0.992634
0.992736
0.992825
0.992925
0.992696
0.992793
0.994121
0.994223
0.994428
0.994529
0.993653
0.993747
0.993757
0.99385
0.994181
0.994273
0.993653
0.99374
0.993685
0.993769
0.992524
0.992598
0.993079
0.993155
0.992954
0.993027
0.993293
0.993367
0.994475
0.994556
0.994791
0.994871
0.994683
0.994761
0.994088
0.994159
0.994331
0.994403
0.994877
0.99495
0.995189
0.995261
0.995181
0.995252
0.995719
0.995791
0.996013
0.996084
0.996426
0.996497
0.996672
0.996742
0.996794
0.996862
0.996928
0.996994
0.997122
0.997187
0.997915
0.997979
0.998013
0.998074
0.997875
0.997936
0.997771
0.99783
0.998127
0.998184
0.998306
0.998361
0.998777
0.998828
0.998914
0.998963
0.998554
0.998604
0.998737
0.998784
0.999154
0.999196
0.99898
0.999023
0.998727
0.998771
0.998726
0.998768
0.998677
0.998718
0.998556
0.998596
0.998743
0.998783
0.998691
0.99873
0.998804
0.998842
0.99867
0.998706
0.998513
0.998548
0.998283
0.998317
0.998261
0.998294
0.998272
0.998305
0.998516
0.998548
0.998662
0.998694
0.999082
0.999112
0.998864
0.998894
0.999255
0.999283
0.999335
0.999362
0.999439
0.999464
0.999466
0.999491
0.999562
0.999584
0.999496
0.999519
0.999585
0.999606
0.999778
0.999795
0.999841
0.999856
0.999949
0.999958
0.999981
0.999987
0.999979
0.999984
0.999998
0.999995
0.999973
0.999965
0.999992
0.999987
1
1
0.999999
0.999997
0.999981
0.999975
0.999962
0.999954
0.999931
0.999919
0.999906
0.999892
0.999955
0.999946
0.999915
0.999903
0.999875
0.99986
0.999866
0.999851
0.999842
0.999825
0.999802
0.999784
0.999728
0.999706
0.999481
0.999448
0.999437
0.999403
0.999205
0.999162
0.999047
0.998999
0.99891
0.998858
0.999048
0.999002
0.999064
0.999021
0.998816
0.998765
0.99869
0.998636
0.99836
0.998297
0.998395
0.998334
0.99819
0.998125
0.998004
0.997934
0.998052
0.997986
0.997737
0.997663
0.998122
0.998061
0.998011
0.997949
0.997351
0.997272
0.997362
0.997285
0.996828
0.996739
0.997001
0.996918
0.99659
0.996499
0.996345
0.99625
0.996996
0.996921
0.997145
0.997075
0.996671
0.996591
0.997236
0.997172
0.996621
0.996543
0.997219
0.997158
0.996585
0.996511
0.996242
0.996161
0.995676
0.995584
0.99506
0.994956
0.99436
0.994242
0.993478
0.993343
0.993327
0.993192
0.992827
0.992683
0.99232
0.992169
0.991716
0.991555
0.99074
0.990561
0.991783
0.991632
0.991017
0.990854
0.990368
0.990194
0.989796
0.989614
0.990098
0.989928
0.98886
0.988668
0.988527
0.988332
0.987774
0.987568
0.986386
0.986155
0.98737
0.987167
0.985849
0.985619
0.986985
0.986785
0.985668
0.985446
0.985233
0.985007
0.985599
0.985387
0.985886
0.985686
0.986131
0.98594
0.985703
0.985509
0.984736
0.984528
0.982965
0.982727
0.982814
0.982579
0.980755
0.980486
0.980161
0.979886
0.98133
0.981086
0.980175
0.979914
0.979349
0.97908
0.979256
0.978992
0.977321
0.977026
0.976709
0.97641
0.978454
0.978196
0.976157
0.975862
0.975483
0.975183
0.976476
0.976203
0.974275
0.973968
0.972549
0.972216
0.973426
0.973119
0.971527
0.971192
0.972571
0.972265
0.973118
0.97283
0.972025
0.971724
0.972484
0.9722
0.969967
0.969644
0.969088
0.968757
0.966905
0.966543
0.967605
0.967265
0.966011
0.965651
0.96328
0.962879
0.964545
0.964178
0.963726
0.963354
0.963072
0.962698
0.963436
0.963078
0.964873
0.96455
0.965886
0.96559
0.964358
0.964042
0.96137
0.96101
0.958859
0.958464
0.956248
0.955816
0.955655
0.955224
0.954791
0.953639
0.953008
0.952553
0.952096
0.952335
0.951886
0.950038
0.94956
0.949387
0.947112
0.946601
0.946462
0.945953
0.948197
0.947732
0.94891
0.948469
0.948393
0.947955
0.948385
0.947959
0.946185
0.945733
0.943904
0.943424
0.944383
0.943923
0.945764
0.94534
0.942283
0.941811
0.944544
0.944123
0.942208
0.941759
0.940387
0.939919
0.942042
0.941613
0.942549
0.942141
0.944533
0.944168
0.945966
0.945633
0.9435
0.943137
0.944546
0.944209
0.942476
0.942115
0.9409
0.940522
0.941404
0.941045
0.943206
0.942885
0.944645
0.944355
0.941967
0.941642
0.940667
0.940331
0.943219
0.942932
0.939859
0.939527
0.93993
0.939607
0.940877
0.940577
0.937711
0.937369
0.939555
0.939251
0.936405
0.93606
0.937389
0.937068
0.937594
0.937286
0.93483
0.934487
0.933123
0.932761
0.933071
0.932719
0.93485
0.934534
0.933091
0.932756
0.930538
0.930172
0.929805
0.930189
0.928286
0.927903
0.929634
0.929283
0.92527
0.92486
0.927558
0.927195
0.926434
0.926062
0.926918
0.926564
0.923337
0.922937
0.925383
0.925025
0.926717
0.926389
0.924349
0.923993
0.922285
0.921907
0.919911
0.919506
0.917016
0.916576
0.916289
0.915849
0.914463
0.914006
0.913898
0.913444
0.913236
0.912784
0.909351
0.90885
0.908348
0.909255
0.908772
0.912488
0.912068
0.909815
0.909364
0.908209
0.907746
0.907505
0.907043
0.905413
0.904931
0.908458
0.903894
0.903406
0.902917
0.90235
0.901858
0.899013
0.898481
0.899103
0.898587
0.89561
0.895053
0.896992
0.896471
0.894498
0.895779
0.89526
0.894047
0.893515
0.891927
0.891376
0.892356
0.891826
0.891296
0.88995
0.889404
0.88572
0.885123
0.884878
0.884283
0.882985
0.882377
0.882544
0.881945
0.877453
0.880492
0.879885
0.877237
0.876595
0.878935
0.878337
0.881903
0.881366
0.882155
0.881636
0.883645
0.883162
0.881323
0.880818
0.877494
0.876944
0.876392
0.875489
0.87493
0.871966
0.871368
0.870287
0.869679
0.865667
0.861925
0.861213
0.864705
0.864054
0.863402
0.860292
0.856845
0.856107
0.858023
0.857323
0.852923
0.852163
0.851145
0.850377
0.84805
0.847255
0.846899
0.846107
0.846961
0.846191
0.842186
0.841362
0.839725
0.838884
0.835528
0.834644
0.83717
0.836334
0.83129
0.830385
0.82963
0.828723
0.827635
0.826721
0.821225
0.820235
0.824591
0.82368
0.825699
0.824829
0.822737
0.821844
0.817303
0.81635
0.815161
0.8142
0.812219
0.811237
0.811927
0.810967
0.810004
0.806014
0.803863
0.802829
0.805128
0.804141
0.798797
0.797738
0.79796
0.796916
0.797912
0.796895
0.794613
0.793572
0.792529
0.789228
0.788145
0.786318
0.785219
0.785757
0.784678
0.787176
0.786148
0.786677
0.785668
0.782017
0.780963
0.779816
0.778756
0.77369
0.769965
0.768797
0.769269
0.768121
0.766971
0.76662
0.765477
0.759221
0.762906
0.761753
0.760597
0.756732
0.760781
0.759657
0.75853
0.755279
0.754115
0.75624
0.755122
0.75829
0.757232
0.754476
0.753389
0.756194
0.755161
0.748253
0.747128
0.750541
0.74948
0.746759
0.745669
0.739052
0.737875
0.738433
0.737278
0.73951
0.738402
0.735588
0.734449
0.733666
0.732529
0.730158
0.728999
0.723134
0.7219
0.719729
0.718476
0.711305
0.709958
0.704382
0.702966
0.699632
0.698181
0.693265
0.691756
0.688974
0.68744
0.688932
0.687437
0.680596
0.679015
0.680007
0.678458
0.673316
0.671707
0.666323
0.669041
0.667432
0.665819
0.661463
0.658488
0.656805
0.655118
0.648485
0.646717
0.64699
0.645246
0.640085
0.638282
0.642919
0.641207
0.634995
0.633209
0.627595
0.625744
0.628808
0.627025
0.626333
0.624559
0.629272
0.627589
0.624431
0.62272
0.620527
0.618803
0.613822
0.612044
0.609224
0.607424
0.603546
0.601709
0.604298
0.602521
0.595504
0.593642
0.596977
0.595187
0.59226
0.590446
0.585038
0.583166
0.582729
0.580871
0.571941
0.569973
0.57255
0.570642
0.568235
0.566314
0.565459
0.563548
0.559333
0.557381
0.557051
0.555117
0.55767
0.555797
0.548246
0.546283
0.550865
0.548992
0.542409
0.540462
0.536901
0.534924
0.529206
0.527169
0.528256
0.526259
0.522799
0.520775
0.514888
0.512802
0.512339
0.51027
0.513731
0.511737
0.506175
0.504123
0.500208
0.498124
0.498201
0.496142
0.49376
0.491691
0.496744
0.494772
0.489551
0.487527
0.485096
0.483062
0.484498
0.482509
0.482606
0.480641
0.480127
0.478179
0.468445
0.46638
0.461571
0.459461
0.455063
0.452915
0.452733
0.450609
0.45132
0.449232
0.442993
0.44084
0.442515
0.440411
0.441796
0.439737
0.434368
0.432258
0.433691
0.431627
0.425165
0.423034
0.423782
0.421686
0.417276
0.415144
0.417356
0.415281
0.407136
0.40497
0.41241
0.410376
0.400697
0.39855
0.394628
0.392452
0.394032
0.391905
0.384845
0.382643
0.381157
0.378961
0.379216
0.377051
0.364989
0.362681
0.367244
0.365028
0.362324
0.360097
0.353268
0.350972
0.347624
0.345309
0.346449
0.344178
0.344242
0.342
0.336253
0.333958
0.337068
0.334844
0.327946
0.325653
0.320202
0.317861
0.308911
0.306475
0.303566
0.301119
0.295589
0.293095
0.291226
0.288736
0.287979
0.28551
0.286151
0.283722
0.277461
0.274974
0.264857
0.262261
0.263923
0.261382
0.252425
0.249791
0.257926
0.255438
0.250839
0.248319
0.237773
0.235138
0.236081
0.233492
0.234371
0.231827
0.232484
0.22998
0.226078
0.223553
0.226638
0.224187
0.218696
0.2162
0.213727
0.211228
0.201616
0.199018
0.1944
0.191771
0.183755
0.18105
0.184742
0.182122
0.178703
0.176069
0.172019
0.169363
0.168496
0.165862
0.158584
0.155885
0.157441
0.154797
0.147969
0.145267
0.1413
0.138578
0.135141
0.132407
0.135441
0.132783
0.126623
0.123916
0.121442
0.118736
0.112732
0.10998
0.102678
0.0998637
0.101993
0.0992436
0.0971589
0.0944165
0.0903303
0.0875685
0.0755286
0.0726412
0.0764525
0.0736532
0.0676221
0.0647787
0.0548045
0.0518652
0.0521323
0.049235
0.0528276
0.0500156
0.0517228
0.0489702
0.0402185
0.0373853
0.0343255
0.0314889
0.0304142
0.0276006
0.0287979
0.0260367
0.018853
0.016033
0.00941741
0.00654694
0.00792019
0.00510596
0.00639674
0.00363636
-0.00255917
-0.00536486
-0.0131484
-0.0160191
-0.015293
-0.0181164
-0.0222722
-0.0251128
-0.0306539
-0.0335292
-0.0347425
-0.0375955
-0.0404624
-0.0433152
-0.0435905
-0.0464091
-0.0534708
-0.0563437
-0.0563142
-0.0591486
-0.0608783
-0.0636971
-0.066749
-0.0695701
-0.0776377
-0.0805254
-0.0842249
-0.0871215
-0.0869614
-0.0898174
-0.0897913
-0.0926086
-0.10289
-0.105802
-0.108533
-0.111441
-0.114281
-0.117186
-0.127635
-0.130635
-0.125889
-0.128787
-0.131481
-0.134375
-0.143485
-0.146455
-0.15071
-0.153693
-0.148133
-0.151005
-0.148317
-0.151116
-0.159367
-0.162234
-0.170961
-0.173899
-0.179921
-0.182894
-0.187838
-0.190832
-0.190839
-0.193792
-0.19527
-0.198202
-0.208246
-0.211263
-0.209354
-0.212305
-0.217836
-0.220815
-0.2187
-0.221612
-0.226825
-0.229762
-0.236396
-0.239375
-0.238734
-0.241663
-0.237076
-0.239907
-0.245702
-0.248567
-0.247976
-0.250793
-0.258853
-0.26173
-0.264983
-0.267861
-0.279702
-0.282685
-0.278544
-0.281434
-0.284317
-0.287202
-0.286169
-0.289001
-0.293861
-0.296712
-0.302474
-0.305355
-0.304189
-0.307016
-0.311086
-0.313922
-0.317539
-0.32038
-0.321723
-0.32454
-0.324538
-0.327314
-0.334888
-0.337717
-0.337608
-0.340395
-0.347957
-0.350795
-0.352335
-0.355152
-0.362979
-0.365849
-0.36361
-0.366412
-0.371756
-0.374582
-0.376892
-0.379705
-0.385514
-0.388356
-0.399476
-0.402408
-0.400012
-0.402873
-0.40024
-0.403029
-0.410295
-0.413129
-0.413889
-0.41669
-0.4209
-0.42371
-0.425221
-0.428007
-0.430582
-0.433358
-0.434871
-0.437624
-0.446771
-0.449591
-0.44561
-0.448342
-0.455632
-0.458408
-0.467814
-0.470657
-0.475662
-0.478521
-0.475942
-0.478728
-0.482075
-0.484858
-0.489435
-0.492228
-0.503821
-0.506703
-0.509994
-0.51287
-0.513892
-0.516736
-0.516684
-0.519484
-0.517786
-0.520525
-0.524365
-0.527106
-0.523445
-0.526103
-0.534293
-0.537002
-0.538482
-0.541166
-0.546838
-0.549544
-0.556146
-0.558884
-0.556442
-0.559111
-0.557011
-0.559616
-0.555163
-0.557679
-0.562214
-0.564742
-0.570116
-0.572665
-0.577208
-0.579768
-0.581
-0.583534
-0.582914
-0.585402
-0.593639
-0.596179
-0.592666
-0.595128
-0.596959
-0.599404
-0.603325
-0.605774
-0.612233
-0.614713
-0.61948
-0.621973
-0.625811
-0.628306
-0.63517
-0.637697
-0.638036
-0.640528
-0.638545
-0.640976
-0.641908
-0.644311
-0.653029
-0.655485
-0.650848
-0.653217
-0.654834
-0.657181
-0.661007
-0.663358
-0.65898
-0.661247
-0.667781
-0.670081
-0.67158
-0.673858
-0.682917
-0.685252
-0.692548
-0.694918
-0.695886
-0.698228
-0.699533
-0.701849
-0.710115
-0.712475
-0.720366
-0.722763
-0.72552
-0.727904
-0.724966
-0.727282
-0.729324
-0.731621
-0.739052
-0.74138
-0.744151
-0.746466
-0.748693
-0.750989
-0.753287
-0.755565
-0.7581
-0.760362
-0.762831
-0.765077
-0.761787
-0.763965
-0.769033
-0.771219
-0.770951
-0.773097
-0.778431
-0.780588
-0.781626
-0.783754
-0.78615
-0.788263
-0.7915
-0.793604
-0.794724
-0.796801
-0.800313
-0.802383
-0.805013
-0.807068
-0.806727
-0.808743
-0.806782
-0.808745
-0.810745
-0.812691
-0.814305
-0.81623
-0.817172
-0.819071
-0.825703
-0.827623
-0.827893
-0.82978
-0.831426
-0.833292
-0.836761
-0.838621
-0.838696
-0.840523
-0.840953
-0.84275
-0.843598
-0.845369
-0.844805
-0.846539
-0.845177
-0.846869
-0.849035
-0.850713
-0.853022
-0.854689
-0.858114
-0.859776
-0.862547
-0.8642
-0.866011
-0.867647
-0.867881
-0.869488
-0.870348
-0.871931
-0.875522
-0.877101
-0.881523
-0.883103
-0.884212
-0.885769
-0.886925
-0.88846
-0.890896
-0.892417
-0.897568
-0.899091
-0.898578
-0.900067
-0.903877
-0.905359
-0.90573
-0.907184
-0.907162
-0.908587
-0.912258
-0.913673
-0.913938
-0.915326
-0.915281
-0.91664
-0.91633
-0.917659
-0.920718
-0.922036
-0.92271
-0.924003
-0.922702
-0.923961
-0.927647
-0.928898
-0.928451
-0.929673
-0.928615
-0.929806
-0.932537
-0.933716
-0.934781
-0.93594
-0.937882
-0.939024
-0.938939
-0.940056
-0.941518
-0.942616
-0.942879
-0.943953
-0.944405
-0.945457
-0.943236
-0.944256
-0.944466
-0.945464
-0.944584
-0.945557
-0.947734
-0.948695
-0.951572
-0.952523
-0.950379
-0.951301
-0.953805
-0.954715
-0.956544
-0.95744
-0.957616
-0.958491
-0.961106
-0.961967
-0.963413
-0.964257
-0.963235
-0.964056
-0.963597
-0.964397
-0.965349
-0.966132
-0.96785
-0.968616
-0.970091
-0.97084
-0.972672
-0.973403
-0.97387
-0.974581
-0.975228
-0.97592
-0.975855
-0.976528
-0.978491
-0.979143
-0.979766
-0.980398
-0.981316
-0.981927
-0.98383
-0.984416
-0.985105
-0.985668
-0.98663
-0.987169
-0.987459
-0.987978
-0.988227
-0.988726
-0.989496
-0.989971
-0.991521
-0.991961
-0.991449
-0.991879
-0.993258
-0.99365
-0.994256
-0.994621
-0.994554
-0.994903
-0.995862
-0.996174
-0.996805
-0.997082
-0.996921
-0.997188
-0.996895
-0.997156
-0.997553
-0.997785
-0.998136
-0.998339
-0.998415
-0.998601
-0.999063
-0.999208
-0.999382
-0.999499
-0.99953
-0.99963
-0.999831
-0.99989
-0.999982
-0.999997
-1
-0.999992
-0.999977
-0.999946
-0.999933
-0.999885
-0.99958
-0.999466
-0.999335
-0.999193
-0.99881
-0.99862
-0.998519
-0.998309
-0.997839
-0.997583
-0.996575
-0.996244
-0.995901
-0.99554
-0.995748
-0.995388
-0.994662
-0.994254
-0.993512
-0.99306
-0.992873
-0.992403
-0.992268
-0.991783
-0.990414
-0.989864
-0.988823
-0.988223
-0.988672
-0.988082
-0.986321
-0.985658
-0.98503
-0.984338
-0.982659
-0.981902
-0.982309
-0.98156
-0.979262
-0.978431
-0.979164
-0.978352
-0.977512
-0.976669
-0.976735
-0.97589
-0.97517
-0.974299
-0.972136
-0.971198
-0.969327
-0.968332
-0.967623
-0.966605
-0.963907
-0.962811
-0.962451
-0.961344
-0.960933
-0.959813
-0.955882
-0.954656
-0.952501
-0.951219
-0.951211
-0.949929
-0.946318
-0.944944
-0.945701
-0.944348
-0.942769
-0.941378
-0.93705
-0.935555
-0.935669
-0.93418
-0.929482
-0.927883
-0.926124
-0.924487
-0.921701
-0.920003
-0.916546
-0.914772
-0.915338
-0.913583
-0.911743
-0.909953
-0.9064
-0.904536
-0.902835
-0.900939
-0.901647
-0.899775
-0.897129
-0.895207
-0.890046
-0.88802
-0.887927
-0.885908
-0.88379
-0.881736
-0.877327
-0.875189
-0.871926
-0.86973
-0.865085
-0.863872
-0.861595
-0.85881
-0.856488
-0.852789
-0.850404
-0.847275
-0.84484
-0.842388
-0.843157
-0.837264
-0.834755
-0.832422
-0.829882
-0.82717
-0.824593
-0.825529
-0.822987
-0.820524
-0.817951
-0.816478
-0.813894
-0.811778
-0.809171
-0.806844
-0.804211
-0.798804
-0.796086
-0.797712
-0.795044
-0.787697
-0.78491
-0.785835
-0.783087
-0.776924
-0.774082
-0.770747
-0.767864
-0.769225
-0.76639
-0.763313
-0.760444
-0.757726
-0.75483
-0.747892
-0.744893
-0.747497
-0.74457
-0.741767
-0.738814
-0.735583
-0.732597
-0.731445
-0.728464
-0.720638
-0.717542
-0.715176
-0.712065
-0.707824
-0.704666
-0.705462
-0.702345
-0.695431
-0.692221
-0.695358
-0.692232
-0.685275
-0.682056
-0.684115
-0.680962
-0.677746
-0.674566
-0.66589
-0.662591
-0.661037
-0.657742
-0.659159
-0.655919
-0.647018
-0.643658
-0.644797
-0.641489
-0.637567
-0.634225
-0.631765
-0.628414
-0.628015
-0.62469
-0.618657
-0.615265
-0.611776
-0.60836
-0.60497
-0.601531
-0.597271
-0.593797
-0.594502
-0.591074
-0.58743
-0.583978
-0.578723
-0.575221
-0.580221
-0.576834
-0.572613
-0.569194
-0.562553
-0.559063
-0.554555
-0.551029
-0.552998
-0.54954
-0.546111
-0.542635
-0.533773
-0.530193
-0.527941
-0.524363
-0.523934
-0.520387
-0.513727
-0.510113
-0.504012
-0.500341
-0.499985
-0.496348
-0.49284
-0.489189
-0.485072
-0.481396
-0.476304
-0.47259
-0.473412
-0.469751
-0.466307
-0.462633
-0.46536
-0.461768
-0.453709
-0.450034
-0.455128
-0.451572
-0.442184
-0.438525
-0.442044
-0.438479
-0.438454
-0.434929
-0.43577
-0.432298
-0.432778
-0.429352
-0.430768
-0.427402
-0.423363
-0.419975
-0.413683
-0.41024
-0.407405
-0.40396
-0.402246
-0.398815
-0.39365
-0.390183
-0.380409
-0.376838
-0.381927
-0.378472
-0.375634
-0.372178
-0.36998
-0.366532
-0.356147
-0.352587
-0.357469
-0.354023
-0.346424
-0.342907
-0.333761
-0.330153
-0.325707
-0.322078
-0.314592
-0.310898
-0.315281
-0.311694
-0.303075
-0.299407
-0.292848
-0.289129
-0.283363
-0.279606
-0.273896
-0.270103
-0.26948
-0.265724
-0.267319
-0.263631
-0.258118
-0.254397
-0.2512
-0.247479
-0.239667
-0.235881
-0.235756
-0.232015
-0.227809
-0.224054
-0.224248
-0.220542
-0.220258
-0.216593
-0.208025
-0.204286
-0.208209
-0.204571
-0.196572
-0.192867
-0.193642
-0.189994
-0.188902
-0.185285
-0.182594
-0.178984
-0.185744
-0.182273
-0.183553
-0.180143
-0.17814
-0.174746
-0.16773
-0.164281
-0.170433
-0.167113
-0.16719
-0.163912
-0.156293
-0.152952
-0.156697
-0.15345
-0.152811
-0.149596
-0.145433
-0.142202
-0.139859
-0.136637
-0.143071
-0.139977
-0.134585
-0.131457
-0.123255
-0.120056
-0.114341
-0.111105
-0.112233
-0.109055
-0.102923
-0.0997025
-0.0938719
-0.0906141
-0.0888962
-0.0856573
-0.0889323
-0.0857791
-0.082715
-0.0795613
-0.0838118
-0.0807558
-0.0786739
-0.0756295
-0.0740591
-0.0710331
-0.0646485
-0.0615763
-0.0626453
-0.0596272
-0.0522525
-0.0491754
-0.0434792
-0.0403663
-0.046866
-0.04388
-0.0416897
-0.0387136
-0.0323752
-0.0293539
-0.0281881
-0.0251908
-0.0181452
-0.015094
-0.0129727
-0.00993359
-0.0088983
-0.00588537
-0.00426415
-0.00126938
-0.0065968
-0.00371162
-0.00206415
0.000804738
0.00695922
0.00987128
0.0102902
0.0131693
0.0149401
0.0178046
0.0163919
0.0191999
0.0270426
0.0299162
0.0360076
0.0389227
0.0466698
0.0496471
0.0572788
0.0603156
0.0603596
0.0633565
0.0646741
0.0676482
0.066822
0.0697456
0.0645422
0.0673593
0.0689271
0.071727
0.079121
0.0819792
0.0770922
0.0798489
0.0794017
0.0821157
0.0837923
0.0864916
0.09276
0.0955041
0.0914634
0.0941186
0.0954669
0.0981039
0.103825
0.1065
0.107257
0.109906
0.112205
0.114848
0.121808
0.124504
0.13089
0.133632
0.141012
0.143812
0.150748
0.153598
0.147884
0.150622
0.158229
0.161026
0.160598
0.163352
0.164525
0.167256
0.174321
0.177105
0.181552
0.184354
0.19241
0.195275
0.195509
0.198337
0.201862
0.204696
0.206606
0.209425
0.208398
0.211166
0.216386
0.21918
0.215168
0.217874
0.223607
0.226347
0.216931
0.219516
0.223159
0.225754
0.231473
0.234104
0.228751
0.231278
0.231525
0.234021
0.233568
0.236024
0.242613
0.245117
0.238717
0.241107
0.240378
0.242726
0.243889
0.246219
0.252316
0.25469
0.252384
0.254697
0.262291
0.264667
0.271191
0.273615
0.26803
0.270351
0.274305
0.276643
0.281382
0.283747
0.287296
0.289672
0.283748
0.286018
0.292854
0.295177
0.293953
0.296229
0.295936
0.298176
0.304463
0.306751
0.304966
0.307199
0.304698
0.30687
0.307498
0.309647
0.311246
0.313385
0.312178
0.314272
0.314906
0.316979
0.322288
0.324398
0.315469
0.317439
0.324613
0.326645
0.325588
0.327579
0.323117
0.325024
0.324146
0.326016
0.324325
0.326148
0.32468
0.32646
0.324632
0.326364
0.331803
0.333579
0.341278
0.343125
0.345728
0.347583
0.353156
0.355053
0.352906
0.35475
0.351977
0.353762
0.360483
0.362327
0.363291
0.365121
0.363975
0.365765
0.370212
0.372032
0.366036
0.367756
0.373201
0.374965
0.374132
0.375861
0.37512
0.376816
0.367612
0.36917
0.371816
0.373386
0.372844
0.374385
0.368289
0.369733
0.37544
0.376935
0.371
0.3724
0.371922
0.373297
0.376691
0.378089
0.370805
0.372092
0.376758
0.378087
0.371455
0.372682
0.379735
0.381034
0.380099
0.381369
0.374617
0.375784
0.373217
0.374335
0.378436
0.379591
0.377862
0.378979
0.386899
0.388101
0.388048
0.389233
0.390559
0.391744
0.390581
0.391736
0.395381
0.396566
0.393463
0.394592
0.393987
0.395093
0.394146
0.395226
0.394885
0.395945
0.394582
0.395611
0.395271
0.396281
0.389354
0.390262
0.390873
0.391777
0.398958
0.399941
0.398744
0.399699
0.3944
0.395273
0.39562
0.396487
0.396454
0.397308
0.395482
0.396301
0.396533
0.397345
0.402283
0.403147
0.403379
0.404234
0.404777
0.405627
0.405978
0.406821
0.408055
0.408902
0.407606
0.408425
0.414619
0.415505
0.4167
0.41759
0.418282
0.419169
0.426381
0.427347
0.426141
0.427079
0.421005
0.421853
0.423351
0.424206
0.424703
0.425553
0.426156
0.427002
0.432844
0.433753
0.43293
0.433816
0.427169
0.427958
0.43445
0.435311
0.435339
0.436189
0.435692
0.436524
0.435926
0.436739
0.430404
0.431125
0.430192
0.430892
0.435702
0.436453
0.4354
0.436128
0.436237
0.436956
0.430337
0.430961
0.436271
0.436956
0.442906
0.443657
0.444315
0.445065
0.452049
0.452877
0.454022
0.454854
0.452329
0.453117
0.453011
0.453787
0.448719
0.44942
0.455733
0.456504
0.451234
0.451928
0.451228
0.451904
0.460083
0.460854
0.460618
0.461375
0.460807
0.461547
0.454397
0.455036
0.456879
0.457532
0.462727
0.463438
0.459259
0.459907
0.459962
0.460602
0.466155
0.466857
0.465898
0.466578
0.466534
0.467204
0.462033
0.462628
0.46999
0.470671
0.470852
0.471527
0.470891
0.471548
0.465978
0.466555
0.473777
0.474439
0.472541
0.473169
0.473865
0.474494
0.470109
0.470674
0.475279
0.475895
0.471577
0.472129
0.478983
0.479615
0.475257
0.475825
0.480123
0.480738
0.475501
0.476041
0.482879
0.483499
0.476249
0.476768
0.481734
0.48231
0.478073
0.478586
0.480358
0.480887
0.482626
0.48317
0.483612
0.484155
0.484895
0.48544
0.486311
0.48686
0.485981
0.486511
0.487553
0.48809
0.488885
0.489424
0.491636
0.492197
0.499105
0.499745
0.492757
0.4933
0.494239
0.494787
0.495764
0.496317
0.499509
0.500095
0.501195
0.501787
0.502147
0.502736
0.501483
0.502048
0.504273
0.504859
0.51155
0.512213
0.506283
0.506861
0.514594
0.515262
0.510212
0.510807
0.512104
0.512708
0.515499
0.51613
0.518505
0.519158
0.522348
0.523033
0.525778
0.526488
0.533271
0.534057
0.52837
0.529073
0.530319
0.531028
0.531959
0.53267
0.540775
0.541579
0.536629
0.537359
0.537299
0.538018
0.538814
0.539534
0.541134
0.541864
0.547261
0.548048
0.544945
0.545683
0.552328
0.553139
0.548008
0.548744
0.556031
0.556848
0.552531
0.553283
0.560603
0.561435
0.557205
0.557973
0.559704
0.560483
0.566515
0.56736
0.564241
0.565035
0.568438
0.569263
0.571753
0.572597
0.57466
0.575518
0.576964
0.577828
0.578084
0.578939
0.579421
0.580271
0.587872
0.588804
0.591597
0.59255
0.589115
0.590012
0.597445
0.598421
0.594979
0.595899
0.597988
0.598921
0.600162
0.601097
0.601826
0.602757
0.603393
0.604319
0.609387
0.610362
0.612178
0.613162
0.615968
0.616971
0.612721
0.613659
0.615971
0.616924
0.623508
0.624528
0.620978
0.62194
0.623873
0.624845
0.626458
0.627436
0.633928
0.63497
0.63631
0.637354
0.634966
0.635966
0.64177
0.642826
0.643623
0.644673
0.647426
0.648494
0.646488
0.647517
0.654519
0.655617
0.65257
0.653616
0.660608
0.661722
0.664062
0.665188
0.668196
0.66934
0.665078
0.666155
0.672268
0.673403
0.671065
0.672155
0.679258
0.680415
0.678313
0.67943
0.679886
0.680991
0.680774
0.681861
0.686984
0.688115
0.685458
0.686541
0.693862
0.695016
0.691628
0.692725
0.694836
0.695942
0.696579
0.697676
0.697852
0.698935
0.70439
0.70552
0.702862
0.703944
0.710258
0.711398
0.707435
0.708512
0.711092
0.712184
0.715055
0.716163
0.723329
0.724503
0.721267
0.722387
0.723282
0.724396
0.731541
0.732719
0.731822
0.732973
0.736055
0.737224
0.739827
0.741007
0.745824
0.74704
0.745641
0.746822
0.752879
0.75411
0.752555
0.75375
0.758502
0.759731
0.761998
0.763233
0.760615
0.761803
0.768188
0.769427
0.7673
0.768497
0.774586
0.77583
0.775301
0.77652
0.778109
0.779327
0.780806
0.78202
0.782946
0.784151
0.789675
0.79092
0.793239
0.794489
0.79122
0.792416
0.79397
0.795163
0.797137
0.798333
0.800529
0.801729
0.807437
0.808677
0.807651
0.80886
0.810217
0.811422
0.816489
0.817726
0.81931
0.820542
0.822362
0.823593
0.825617
0.826849
0.825026
0.826218
0.828534
0.829731
0.835093
0.836323
0.834382
0.835573
0.840483
0.841702
0.842339
0.843544
0.844275
0.845467
0.845131
0.8463
0.848278
0.849446
0.853898
0.85509
0.857295
0.858487
0.86087
0.862063
0.860421
0.861579
0.863861
0.86502
0.86946
0.87064
0.869403
0.870551
0.874523
0.875687
0.877003
0.878158
0.879978
0.881129
0.883195
0.884343
0.882778
0.883893
0.888407
0.88954
0.891503
0.892632
0.895045
0.896173
0.895726
0.896831
0.897383
0.898472
0.90169
0.902784
0.901091
0.902152
0.903338
0.90439
0.908961
0.910028
0.908438
0.909473
0.913731
0.914779
0.912751
0.913764
0.917815
0.918839
0.919972
0.920985
0.922485
0.923489
0.921347
0.922316
0.926054
0.927031
0.928301
0.929268
0.92786
0.928798
0.929694
0.93062
0.931678
0.932593
0.93304
0.93394
0.937287
0.938191
0.936542
0.937417
0.940954
0.941834
0.940608
0.941463
0.944409
0.945263
0.946532
0.947376
0.948021
0.948851
0.947488
0.948293
0.949128
0.949921
0.952661
0.953452
0.952714
0.953484
0.95405
0.954807
0.955477
0.956222
0.957133
0.957866
0.960244
0.960971
0.960078
0.960785
0.963521
0.964225
0.965236
0.965927
0.967052
0.967731
0.967034
0.967695
0.970255
0.970907
0.969775
0.970409
0.970884
0.971504
0.973995
0.974605
0.97401
0.974604
0.975323
0.975904
0.977899
0.978467
0.97775
0.978304
0.98051
0.981049
0.980147
0.980672
0.981177
0.981689
0.983672
0.984167
0.984518
0.984998
0.984323
0.984791
0.986308
0.986759
0.987242
0.987678
0.987185
0.987609
0.988086
0.988496
0.988889
0.989285
0.990386
0.990763
0.991362
0.991723
0.992071
0.992416
0.992557
0.992889
0.992368
0.992692
0.993683
0.993987
0.994169
0.994459
0.994759
0.995034
0.994698
0.994967
0.995889
0.996133
0.996262
0.996493
0.996175
0.996402
0.996627
0.99684
0.997561
0.997748
0.997401
0.997587
0.9982
0.99836
0.998082
0.998241
0.998753
0.998885
0.998612
0.998746
0.999162
0.999268
0.999423
0.999511
0.999556
0.999633
0.999699
0.999762
0.99964
0.999706
0.999752
0.999806
0.999835
0.999879
0.999914
0.999944
0.999982
0.999994
1
0.999995
0.999938
0.999905
0.99997
0.999947
0.999904
0.999865
0.999692
0.999623
0.999607
0.99953
0.9996
0.999524
0.999436
0.999347
0.999306
0.999208
0.999083
0.998971
0.99856
0.998415
0.998605
0.998467
0.997902
0.997728
0.997511
0.997321
0.997011
0.996802
0.996495
0.996267
0.996103
0.995864
0.996237
0.99601
0.995807
0.995568
0.9947
0.994423
0.995031
0.994775
0.994477
0.994207
0.993414
0.993112
0.993484
0.993193
0.993075
0.992776
0.992563
0.992256
0.991155
0.990809
0.990593
0.990239
0.989805
0.989435
0.98995
0.989594
0.988447
0.988055
0.987709
0.987306
0.987969
0.987584
0.986226
0.985802
0.986339
0.985929
0.984395
0.983942
0.983371
0.982902
0.983828
0.983383
0.981807
0.981321
0.982288
0.981827
0.980342
0.979843
0.97912
0.978603
0.979185
0.978683
0.977868
0.977348
0.976806
0.976273
0.974463
0.973887
0.973795
0.973218
0.974344
0.973795
0.973578
0.973026
0.972374
0.971809
0.970352
0.969755
0.969024
0.968412
0.967454
0.966822
0.967917
0.967312
0.964904
0.964249
0.963394
0.962722
0.962054
0.96137
0.96052
0.959821
0.961279
0.960615
0.958742
0.958041
0.957595
0.956888
0.95848
0.95781
0.954875
0.954148
0.955582
0.954888
0.952701
0.951966
0.953623
0.952926
0.952717
0.95202
0.949722
0.948983
0.950231
0.949521
0.946259
0.945489
0.945192
0.94442
0.945942
0.945206
0.944692
0.94395
0.943393
0.942646
0.941915
0.941158
0.938429
0.937624
0.937087
0.936278
0.938437
0.937675
0.936517
0.935738
0.933081
0.932257
0.931438
0.930605
0.929386
0.928537
0.930044
0.929229
0.92818
0.927352
0.924557
0.923683
0.922645
0.921758
0.920431
0.919526
0.918508
0.917591
0.917328
0.916413
0.915788
0.91487
0.916512
0.915631
0.912753
0.911827
0.911723
0.910802
0.910413
0.909494
0.908953
0.908031
0.909914
0.909034
0.908711
0.907833
0.907961
0.907093
0.905904
0.905022
0.901007
0.900062
0.902416
0.901521
0.897448
0.896489
0.898519
0.897604
0.896722
0.895801
0.892059
0.89108
0.889802
0.88881
0.891102
0.890158
0.889289
0.888339
0.88436
0.883351
0.885489
0.884526
0.882932
0.881951
0.880956
0.879966
0.877471
0.876448
0.875009
0.873971
0.873534
0.872498
0.872671
0.871648
0.871341
0.870322
0.869367
0.868342
0.870195
0.869211
0.865776
0.864744
0.868217
0.867253
0.863035
0.862011
0.86115
0.860121
0.86132
0.860322
0.858448
0.857428
0.85601
0.854977
0.854054
0.853016
0.848997
0.847903
0.849748
0.848695
0.848361
0.847314
0.845757
0.844695
0.840106
0.838979
0.83719
0.836046
0.836097
0.834964
0.831044
0.829859
0.827703
0.826494
0.821778
0.820504
0.822747
0.821523
0.817317
0.816037
0.817959
0.816723
0.812172
0.810875
0.809185
0.807873
0.811608
0.81037
0.805081
0.80377
0.802106
0.800782
0.800257
0.798938
0.802095
0.800841
0.799456
0.798192
0.797404
0.796141
0.794936
0.793666
0.788481
0.787143
0.786293
0.784955
0.787289
0.786002
0.780539
0.779179
0.782257
0.78096
0.775584
0.774216
0.772826
0.771451
0.774093
0.772773
0.772828
0.771523
0.766674
0.765307
0.764174
0.762804
0.761567
0.760192
0.76336
0.76205
0.760356
0.759033
0.757188
0.755852
0.751344
0.749952
0.748998
0.747605
0.746014
0.744612
0.743916
0.742519
0.741175
0.739772
0.742533
0.741188
0.736172
0.734765
0.732931
0.731511
0.733472
0.732097
0.727249
0.725815
0.723986
0.72254
0.726229
0.724855
0.722673
0.721281
0.719909
0.718512
0.713077
0.711612
0.714518
0.713113
0.708078
0.706613
0.704538
0.703058
0.705555
0.704129
0.698437
0.69694
0.694378
0.692859
0.693083
0.691584
0.695276
0.69385
0.68841
0.686917
0.690429
0.689007
0.687601
0.686173
0.679538
0.678027
0.677375
0.675871
0.678932
0.677491
0.670809
0.669284
0.672251
0.670788
0.66413
0.662584
0.665026
0.663534
0.661965
0.660467
0.653633
0.65205
0.650611
0.649025
0.647142
0.645545
0.645769
0.644194
0.647765
0.64626
0.645571
0.644075
0.642585
0.641083
0.641034
0.639549
0.631809
0.630226
0.628677
0.62709
0.626208
0.624626
0.629797
0.62831
0.6256
0.62409
0.618632
0.617059
0.614675
0.613086
0.61484
0.613295
0.612309
0.610767
0.605909
0.604314
0.603416
0.601827
0.604591
0.603061
0.598053
0.596467
0.59433
0.592732
0.590369
0.588755
0.586338
0.584707
0.582866
0.581228
0.578916
0.577264
0.57544
0.573779
0.571742
0.570072
0.568078
0.566399
0.570232
0.568628
0.561643
0.559956
0.565474
0.563887
0.561512
0.55991
0.55788
0.556267
0.554681
0.553065
0.551431
0.54981
0.548793
0.547176
0.546548
0.544942
0.537181
0.535482
0.540909
0.539308
0.537037
0.535423
0.528338
0.526642
0.531876
0.530275
0.528885
0.527284
0.525917
0.524315
0.521644
0.520023
0.518927
0.517309
0.510705
0.509012
0.512366
0.510742
0.504939
0.503251
0.502885
0.501213
0.505289
0.503695
0.495156
0.493459
0.498073
0.496463
0.495404
0.493798
0.493474
0.491883
0.484323
0.482644
0.48672
0.485119
0.483879
0.48228
0.477121
0.475468
0.475045
0.473406
0.477097
0.475531
0.474489
0.472927
0.466444
0.46481
0.469486
0.467938
0.461176
0.459551
0.464202
0.462663
0.454841
0.45321
0.450562
0.448914
0.44685
0.445193
0.444596
0.442951
0.440809
0.439154
0.438696
0.437055
0.443341
0.441808
0.439444
0.437897
0.437197
0.435659
0.432332
0.430767
0.423453
0.421805
0.42588
0.424309
0.42399
0.422434
0.420801
0.419241
0.4169
0.415327
0.406722
0.405049
0.403642
0.40197
0.405812
0.404213
0.40344
0.401851
0.39309
0.391398
0.394619
0.392993
0.384974
0.383256
0.386706
0.385058
0.383399
0.381749
0.374667
0.372939
0.369562
0.367808
0.366652
0.364904
0.364823
0.363095
0.361305
0.359574
0.364386
0.362743
0.361218
0.359575
0.358039
0.356395
0.347395
0.345647
0.343375
0.341617
0.340541
0.33879
0.344524
0.342874
0.339005
0.337322
0.335134
0.333442
0.327857
0.326109
0.325459
0.323724
0.32686
0.32519
0.318164
0.316419
0.315373
0.313635
0.317004
0.315334
0.308837
0.307099
0.304468
0.302715
0.307115
0.305446
0.295865
0.294085
0.291175
0.289377
0.288157
0.286365
0.289865
0.288144
0.279898
0.278086
0.275189
0.27336
0.278092
0.276351
0.267841
0.266005
0.262664
0.260806
0.266907
0.265156
0.257052
0.255212
0.261056
0.259319
0.253161
0.251362
0.255757
0.254041
0.247061
0.245271
0.241882
0.240069
0.246124
0.244416
0.235545
0.233738
0.231676
0.229865
0.235163
0.233446
0.230416
0.22868
0.226224
0.224477
0.223438
0.221699
0.220657
0.218926
0.211012
0.209196
0.207522
0.205707
0.211067
0.209347
0.200119
0.198297
0.195529
0.193692
0.190644
0.188789
0.193414
0.191645
0.188513
0.186726
0.184506
0.182711
0.174382
0.172497
0.169947
0.168053
0.164351
0.162431
0.167509
0.165682
0.156357
0.154428
0.158213
0.15636
0.147866
0.145922
0.143014
0.141056
0.143531
0.141631
0.131527
0.129516
0.128777
0.126782
0.130365
0.128445
0.119736
0.117723
0.12009
0.118136
0.114598
0.112621
0.112096
0.110137
0.102601
0.100567
0.0976136
0.0955666
0.101762
0.0998238
0.0915469
0.0895239
0.0877785
0.0857581
0.0902501
0.0883162
0.0858679
0.0839261
0.0737579
0.0717062
0.0766636
0.0747046
0.0647992
0.0627339
0.0607631
0.0586988
0.0572302
0.055173
0.0584303
0.0564433
0.0469431
0.0448558
0.042169
0.0400736
0.0390321
0.0369503
0.0343813
0.0322925
0.0348669
0.0328396
0.0301378
0.0281016
0.020432
0.018321
0.0243916
0.0223885
0.012335
0.0102256
0.0134149
0.0113752
0.00189401
-0.000243652
0.00218106
0.000103009
-0.002789
-0.00487754
-0.0146117
-0.0168006
-0.0193832
-0.0215771
-0.0235278
-0.0257182
-0.0199238
-0.0220095
-0.0243344
-0.0264228
-0.0292217
-0.0313193
-0.033127
-0.0352205
-0.038852
-0.040965
-0.0508689
-0.0530837
-0.0562176
-0.0584436
-0.0624726
-0.0647216
-0.0613252
-0.0635001
-0.0732228
-0.0754953
-0.0783175
-0.0805962
-0.0755296
-0.0777123
-0.0812901
-0.0834899
-0.0851932
-0.0873856
-0.0943196
-0.0965728
-0.0982993
-0.100544
-0.0971433
-0.0993147
-0.107846
-0.110098
-0.105972
-0.108141
-0.11623
-0.118475
-0.12099
-0.123237
-0.126756
-0.129017
-0.124214
-0.126383
-0.137288
-0.139568
-0.141422
-0.143695
-0.147084
-0.14937
-0.147167
-0.149394
-0.151789
-0.154017
-0.155688
-0.157907
-0.165622
-0.16791
-0.163044
-0.165239
-0.174119
-0.176397
-0.172073
-0.174265
-0.183714
-0.185997
-0.182217
-0.18442
-0.194192
-0.19649
-0.197734
-0.200017
-0.195597
-0.197792
-0.207827
-0.210119
-0.204672
-0.206864
-0.207806
-0.20998
-0.212221
-0.214394
-0.217963
-0.220152
-0.222927
-0.225121
-0.227772
-0.22997
-0.237506
-0.239769
-0.242726
-0.244994
-0.240735
-0.242919
-0.245708
-0.247897
-0.256598
-0.258866
-0.256575
-0.258783
-0.260996
-0.263202
-0.26582
-0.268028
-0.270661
-0.272871
-0.28269
-0.284992
-0.285897
-0.288179
-0.289155
-0.291417
-0.292947
-0.295197
-0.297222
-0.299466
-0.295739
-0.297906
-0.305842
-0.308077
-0.302226
-0.304357
-0.307315
-0.309453
-0.317532
-0.319741
-0.321306
-0.323503
-0.320511
-0.322641
-0.325526
-0.327662
-0.330325
-0.332464
-0.340105
-0.342308
-0.339752
-0.341893
-0.343289
-0.345417
-0.35249
-0.354676
-0.356777
-0.358958
-0.361597
-0.363779
-0.3651
-0.367268
-0.369413
-0.371577
-0.36792
-0.370008
-0.378695
-0.38086
-0.377338
-0.37943
-0.38741
-0.38957
-0.392212
-0.394373
-0.39759
-0.39976
-0.395754
-0.397844
-0.400369
-0.40246
-0.404267
-0.40635
-0.414144
-0.416293
-0.413383
-0.415466
-0.416781
-0.418851
-0.419967
-0.42202
-0.430279
-0.432403
-0.428865
-0.430916
-0.438514
-0.440627
-0.442293
-0.444396
-0.441533
-0.443572
-0.452025
-0.454136
-0.450118
-0.45215
-0.459849
-0.461944
-0.458808
-0.460836
-0.468551
-0.470643
-0.467922
-0.46995
-0.47178
-0.473801
-0.481814
-0.483902
-0.485923
-0.488004
-0.484106
-0.486111
-0.488863
-0.490872
-0.493254
-0.495262
-0.49612
-0.498109
-0.500151
-0.502135
-0.504435
-0.506418
-0.512985
-0.515016
-0.516199
-0.518215
-0.519611
-0.521613
-0.522966
-0.524955
-0.52677
-0.528752
-0.526198
-0.528121
-0.528024
-0.529917
-0.532392
-0.534287
-0.536222
-0.538112
-0.547253
-0.549222
-0.550634
-0.552591
-0.547883
-0.549756
-0.551945
-0.553816
-0.555804
-0.557671
-0.564402
-0.56632
-0.567597
-0.569502
-0.566992
-0.568839
-0.569048
-0.570871
-0.580144
-0.582047
-0.583489
-0.58538
-0.58621
-0.588082
-0.589808
-0.591673
-0.589974
-0.591792
-0.597452
-0.599308
-0.601219
-0.603069
-0.604803
-0.606646
-0.609391
-0.611237
-0.614615
-0.616472
-0.617137
-0.618974
-0.615321
-0.617088
-0.618811
-0.620571
-0.628609
-0.630435
-0.627153
-0.628914
-0.635164
-0.636969
-0.632725
-0.634456
-0.636541
-0.638269
-0.640477
-0.642204
-0.643585
-0.645302
-0.652753
-0.654527
-0.655322
-0.657079
-0.658727
-0.660475
-0.655862
-0.657532
-0.661447
-0.663136
-0.665128
-0.666813
-0.67227
-0.67399
-0.670479
-0.672134
-0.673388
-0.675031
-0.680989
-0.682674
-0.684574
-0.686254
-0.683672
-0.685298
-0.690892
-0.692555
-0.693538
-0.695186
-0.692659
-0.694254
-0.698764
-0.700384
-0.696914
-0.698471
-0.704117
-0.705713
-0.708163
-0.70976
-0.713013
-0.714622
-0.715137
-0.716726
-0.713722
-0.715254
-0.722047
-0.723629
-0.72542
-0.726997
-0.723853
-0.725371
-0.727337
-0.728852
-0.728934
-0.730427
-0.735112
-0.736633
-0.733511
-0.734974
-0.735568
-0.737015
-0.742988
-0.744477
-0.741358
-0.74279
-0.748823
-0.750297
-0.750304
-0.751756
-0.752807
-0.754247
-0.751966
-0.753359
-0.759406
-0.760842
-0.757283
-0.758658
-0.764079
-0.765491
-0.767088
-0.768494
-0.766081
-0.76744
-0.768034
-0.769378
-0.774106
-0.775479
-0.772593
-0.773913
-0.778676
-0.780027
-0.777723
-0.779027
-0.780033
-0.781327
-0.782612
-0.7839
-0.789854
-0.791184
-0.792296
-0.793616
-0.794589
-0.795898
-0.796662
-0.797958
-0.795573
-0.796823
-0.798784
-0.800036
-0.801105
-0.802348
-0.807745
-0.809023
-0.806411
-0.807642
-0.812729
-0.813993
-0.814821
-0.816072
-0.81377
-0.814977
-0.816311
-0.817513
-0.822793
-0.824029
-0.824268
-0.825486
-0.822891
-0.824063
-0.826864
-0.828046
-0.83135
-0.832545
-0.832577
-0.833753
-0.838505
-0.839708
-0.840339
-0.841529
-0.843406
-0.844594
-0.843897
-0.845059
-0.846246
-0.8474
-0.849791
-0.850949
-0.84879
-0.849908
-0.850658
-0.851765
-0.856952
-0.858091
-0.859471
-0.860603
-0.86231
-0.863439
-0.861548
-0.862641
-0.864386
-0.865476
-0.866638
-0.867721
-0.867864
-0.86893
-0.87368
-0.874772
-0.875945
-0.877029
-0.877425
-0.878494
-0.879255
-0.880312
-0.878105
-0.879124
-0.882602
-0.883635
-0.884335
-0.885357
-0.882544
-0.883523
-0.885077
-0.886053
-0.889457
-0.890447
-0.892178
-0.893167
-0.891379
-0.892335
-0.893566
-0.894516
-0.897714
-0.898675
-0.897395
-0.898329
-0.901826
-0.902774
-0.904475
-0.90542
-0.906496
-0.907434
-0.908797
-0.909729
-0.910943
-0.911868
-0.911584
-0.91249
-0.912766
-0.913658
-0.91427
-0.915151
-0.912441
-0.913284
-0.914889
-0.91573
-0.919109
-0.919962
-0.917075
-0.91789
-0.919927
-0.920745
-0.921833
-0.922644
-0.922686
-0.923483
-0.924095
-0.924882
-0.925225
-0.926001
-0.928945
-0.92973
-0.930498
-0.931275
-0.932496
-0.933268
-0.932065
-0.932813
-0.935707
-0.936464
-0.934684
-0.935413
-0.935842
-0.936561
-0.937812
-0.938527
-0.939037
-0.939742
-0.942389
-0.943101
-0.943901
-0.944604
-0.942976
-0.943655
-0.946777
-0.947465
-0.946255
-0.946921
-0.947169
-0.947824
-0.950377
-0.951037
-0.949566
-0.950203
-0.950323
-0.950949
-0.952723
-0.953349
-0.953905
-0.954522
-0.955619
-0.956231
-0.954504
-0.955092
-0.955959
-0.956542
-0.959178
-0.959766
-0.960809
-0.961391
-0.960627
-0.961193
-0.963648
-0.964217
-0.964955
-0.965516
-0.966136
-0.966689
-0.965236
-0.965769
-0.967722
-0.968254
-0.968804
-0.969328
-0.969983
-0.970499
-0.971295
-0.971803
-0.972543
-0.973043
-0.972014
-0.972498
-0.974405
-0.974887
-0.97354
-0.974006
-0.976369
-0.976833
-0.975903
-0.976354
-0.978073
-0.978519
-0.977796
-0.97823
-0.978864
-0.97929
-0.979576
-0.979993
-0.98157
-0.981982
-0.981214
-0.981613
-0.981884
-0.982274
-0.982217
-0.982599
-0.98328
-0.983654
-0.983794
-0.984159
-0.9842
-0.984557
-0.985843
-0.986193
-0.985302
-0.985641
-0.987252
-0.987584
-0.986761
-0.987084
-0.988574
-0.988889
-0.988126
-0.988433
-0.988599
-0.988898
-0.989082
-0.989373
-0.989401
-0.989685
-0.990581
-0.990856
-0.990364
-0.990632
-0.990644
-0.990905
-0.991339
-0.991593
-0.992105
-0.99235
-0.992513
-0.992751
-0.993538
-0.993765
-0.993019
-0.993243
-0.993538
-0.993755
-0.994785
-0.99499
-0.994446
-0.994647
-0.995449
-0.995639
-0.995231
-0.995417
-0.99569
-0.995867
-0.995922
-0.996093
-0.99684
-0.996998
-0.996615
-0.996771
-0.997449
-0.997591
-0.997832
-0.997964
-0.997811
-0.99794
-0.99812
-0.99824
-0.998338
-0.99845
-0.998865
-0.998962
-0.998799
-0.998895
-0.999239
-0.999318
-0.999173
-0.999252
-0.999319
-0.999391
-0.999691
-0.999741
-0.999781
-0.999823
-0.999853
-0.999887
-0.999773
-0.999813
-0.99994
-0.99996
-0.999895
-0.999921
-0.999944
-0.999963
-0.999977
-0.999989
-0.999996
-0.999988
-0.999965
-0.999946
-0.999942
-0.999918
-0.999972
-0.999955
-0.999821
-0.999781
-0.999871
-0.999838
-0.999798
-0.999757
-0.999519
-0.999454
-0.999588
-0.99953
-0.999191
-0.999106
-0.999007
-0.998913
-0.999167
-0.999086
-0.998632
-0.998523
-0.998752
-0.998652
-0.998508
-0.998398
-0.997993
-0.997862
-0.997809
-0.997673
-0.997849
-0.997718
-0.997352
-0.997204
-0.996547
-0.996371
-0.996009
-0.995818
-0.996183
-0.996003
-0.995667
-0.995474
-0.994578
-0.994352
-0.993949
-0.993708
-0.993375
-0.993122
-0.993029
-0.992772
-0.992471
-0.992204
-0.991796
-0.991515
-0.991258
-0.990969
-0.990616
-0.990316
-0.990008
-0.989698
-0.989289
-0.988967
-0.988352
-0.988012
-0.988663
-0.988341
-0.988124
-0.987796
-0.987375
-0.987035
-0.986686
-0.986338
-0.985531
-0.985161
-0.984448
-0.984061
-0.984033
-0.983646
-0.982938
-0.982534
-0.982131
-0.981717
-0.979786
-0.979326
-0.978668
-0.978193
-0.979077
-0.978625
-0.978278
-0.977818
-0.97671
-0.976226
-0.975546
-0.975048
-0.974853
-0.974352
-0.97379
-0.973278
-0.972744
-0.972221
-0.970385
-0.969823
-0.969627
-0.969063
-0.968727
-0.968158
-0.967747
-0.967171
-0.968102
-0.96755
-0.967182
-0.966624
-0.966202
-0.965639
-0.965169
-0.964598
-0.963321
-0.962726
-0.960603
-0.959966
-0.958894
-0.958238
-0.959301
-0.958671
-0.957986
-0.957346
-0.954475
-0.953779
-0.952803
-0.952092
-0.952877
-0.952186
-0.95142
-0.950718
-0.950364
-0.949659
-0.947372
-0.946626
-0.945886
-0.945129
-0.94437
-0.943603
-0.942974
-0.9422
-0.94123
-0.940442
-0.939655
-0.938857
-0.938416
-0.937615
-0.936806
-0.935995
-0.937975
-0.937208
-0.933589
-0.932758
-0.931321
-0.930468
-0.931424
-0.930596
-0.930194
-0.929364
-0.928398
-0.927557
-0.926713
-0.925862
-0.924371
-0.923499
-0.922531
-0.921648
-0.918818
-0.917889
-0.9202
-0.919321
-0.915222
-0.914275
-0.912906
-0.91194
-0.910526
-0.909542
-0.910532
-0.909574
-0.908131
-0.907154
-0.90607
-0.905082
-0.904376
