0
0
0
0
0
0
0
-0.153472
0
-0.974438
0
-0.363439
0
7.90168
-2.42311
0
4.02522
0
0.226636
0
-1.48133
0
5.84639
0
-0.251742
0
1.31439
0
1.68369
0
-0.737141
0
1.09283
0
-4.22654
0
-1.85705
0
5.61467
0
-0.774402
0
0.715921
0
2.61243
0
-0.312841
0
-1.03171
0
2.82035
0
-6.35095
0
-2.22752
0
2.87421
0
3.27367
0
-1.05044
0
-0.476945
0
0.970101
0
-0.691646
0
-0.0648847
0
-1.01647
0
0.0132154
0
0.259156
0
-2.26168
0
0.197021
0
5.30095
0
1.10488
0
3.87864
0
4.87554
0
5.45113
0
-7.09004
0
-1.41816
0
1.413
0
4.34282
0
0.934218
0
-3.94922
0
-3.73946
0
1.07815
0
-6.49733
0
4.99421
0
-2.63031
0
2.45671
0
1.40622
0
1.16699
0
0.37618
0
5.21264
0
-2.73237
0
5.41699
0
2.64182
0
-4.44692
0
-0.115876
0
-2.68418
0
-6.39927
0
3.19192
0
-3.75341
0
6.08101
0
0.803843
0
-0.733527
0
2.75843
0
-1.34135
0
4.61174
0
-5.37667
0
3.0174
0
-1.48616
0
-1.25175
0
-4.22278
0
0.0334325
0
2.15789
0
4.5331
0
0.672197
0
1.28448
0
-0.396173
0
7.62445
0
0.964681
0
-0.248868
0
-1.48237
0
-0.768528
0
-1.66034
0
-0.721005
0
3.6531
0
-2.06858
0
4.74606
0
-4.80624
0
6.30193
0
-4.99207
0
6.8103
0
3.07889
0
-2.37358
0
-0.588619
0
6.62034
0
2.22392
0
0.0407062
0
-1.18899
0
1.46566
0
1.77255
0
-3.61932
0
0.143264
0
0.156619
0
-0.274065
0
-0.839867
0
5.26083
0
-0.475975
0
2.19992
0
-1.94714
0
-3.49831
0
0.525531
0
4.02791
0
1.86438
0
-2.78703
0
-3.26596
0
-1.31257
0
3.21177
0
-1.15583
0
-4.12133
0
2.36682
0
-1.78326
0
-2.49658
0
4.08985
0
-6.06958
0
-0.796906
0
-0.828388
0
-0.846761
0
1.53217
0
-0.979147
0
3.34503
0
1.89465
0
-6.83975
0
3.16061
0
-3.66179
0
2.72431
0
0.68919
0
0.223422
0
0.788154
0
-4.50095
0
-0.37167
0
-2.95663
0
2.06628
0
0.271887
0
-0.921131
0
-7.18615
0
0.985188
0
-0.203077
0
-2.09789
0
0.892031
0
4.57883
0
-4.02598
0
-1.88465
0
1.04259
0
2.00885
0
1.35525
0
-7.08048
0
-0.540151
0
0.5952
0
-2.20397
0
6.24751
0
-3.44862
0
-1.72692
0
3.42049
0
-2.75363
0
-2.34738
0
-6.33768
0
1.3746
0
6.30121
0
-4.23647
0
4.31105
0
-4.87959
0
-0.690149
0
-2.77614
0
2.33458
0
-6.14868
0
3.94106
0
-4.5356
0
0.208652
0
2.55985
0
-0.754511
0
-3.87461
0
1.56853
0
0.589298
0
0.9597
0
-3.3124
0
0.187873
0
-3.84867
0
-3.02598
0
2.02786
0
-2.05947
0
0.147134
0
1.38326
0
-2.2261
0
0.728081
0
2.64539
0
-2.93666
0
-1.12486
0
1.87766
0
-0.00143576
0
-4.39062
0
-2.35622
0
0.598772
0
1.42125
0
-0.023088
0
5.40746
0
-4.28328
0
-1.90453
0
-0.651003
0
-0.0236167
0
-3.49103
0
-1.98593
0
4.17313
0
-4.23212
0
-4.70944
0
-0.648484
0
-0.540579
0
2.80799
0
-2.13828
0
-3.09858
0
-3.16736
0
-4.99177
0
-0.516116
0
-3.77182
0
-4.74639
0
0.381937
0
-3.61837
0
-3.16207
0
1.35331
0
-2.36768
0
3.37499
0
0.911176
0
1.58386
0
0.0191364
0
4.43985
0
3.02561
0
4.15201
0
-0.433007
0
-0.928685
0
-4.32466
0
-0.143235
0
-1.31485
0
-4.04973
0
-5.43367
0
-0.271468
0
-0.554173
0
2.25884
0
-0.383623
0
-1.38326
0
-3.22422
0
-5.11303
0
4.57
0
-1.04484
0
-5.07003
0
-1.80315
0
-2.77759
0
1.8526
0
0.889994
0
-0.449557
0
-2.60201
0
-2.85531
0
6.70163
0
2.75146
0
0.0716541
0
1.89434
0
-7.45004
0
-0.671164
0
6.21273
0
0.516264
0
-1.51125
0
4.47643
0
0.876041
0
7.85407
0
-2.34916
0
1.62862
0
-1.13789
0
-6.48328
0
-1.03962
0
1.8052
0
4.90722
0
-0.652765
0
-2.69606
0
-1.15387
0
1.07837
0
-2.88632
0
-1.15366
0
-2.16531
0
-0.875061
0
0.140746
0
0.0208497
0
-0.550403
0
-6.57967
0
0.314862
0
2.83142
0
2.36953
0
-2.60008
0
-0.770649
0
-4.71035
0
-0.534415
0
6.38554
0
-1.13543
0
-4.96195
0
4.21427
0
4.95646
0
1.22282
0
1.82572
0
2.70571
0
-1.43681
0
1.78809
0
-0.513151
0
2.89115
0
3.01104
0
3.69805
0
1.05655
0
0.633095
0
-2.19797
0
-1.08818
0
-5.25183
0
4.28137
0
-5.36068
0
-0.454437
0
-1.02685
0
0.478192
0
-1.07384
0
2.53235
0
-1.02059
0
-4.31247
0
-1.07946
0
-4.17641
0
-1.43959
0
1.60209
0
-4.71013
0
-2.16582
0
3.72752
0
4.12729
0
0.274844
0
-2.03596
0
-0.440555
0
-0.796083
0
-0.0263836
0
4.2289
0
-1.21689
0
-0.686995
0
0.905297
0
0.243604
0
-0.194287
0
-1.12648
0
-4.84943
0
0.479935
0
-2.96669
0
-1.14289
0
-0.601232
0
3.60982
0
1.67153
0
-2.33883
0
-0.309385
0
-2.75065
0
1.93165
0
-0.953448
0
-0.594696
0
2.03402
0
-1.8997
0
5.61067
0
0.127215
0
-5.33859
0
1.58663
0
-3.37689
0
3.04131
0
-2.0761
0
-0.500142
0
7.02033
0
2.66709
0
-2.8813
0
6.32263
0
-4.22877
0
6.53581
0
-4.43252
0
-1.55686
0
-3.06646
0
-3.04856
0
-3.25797
0
-3.99028
0
0.718144
0
-1.32379
0
-1.22634
0
-1.61912
0
-3.36435
0
7.24052
0
-2.41137
0
-1.60317
0
-1.08328
0
3.21613
0
-4.22145
0
0.244141
0
-1.60726
0
-4.14792
0
6.10925
0
-4.65516
0
6.63544
0
-3.78989
0
0.0416534
0
3.28385
0
2.89148
0
2.64807
0
-0.185719
0
-2.30492
0
-5.16651
0
1.2088
0
-5.71072
0
-0.186489
0
6.01199
0
-2.32922
0
-1.03494
0
1.5102
0
-4.63253
0
-0.0641582
0
7.60734
0
-5.74614
0
-0.259133
0
5.00319
0
-5.12477
0
-3.31115
0
4.57059
0
-3.76419
0
4.99561
0
3.43047
0
-1.51531
0
3.10413
0
-5.59314
0
-0.645808
0
-4.14066
0
3.84317
0
-2.44444
0
-5.21409
0
5.31352
0
-0.213211
0
0.236325
0
2.83934
0
5.55608
0
4.35574
0
-2.44223
0
-5.97283
0
-4.38241
0
-4.31987
0
0.632893
0
0
-1.64644
-0.410987
0
0
1.56732
0
-3.09881
0
0.669723
-3.88304
0
0.796163
0
5.88781
0
3.55499
0
0.792058
0
1.8767
0
-2.8747
0
-2.87588
0
2.9937
0
4.82234
0
-5.46408
0
6.6214
0
-3.0814
0
-1.86797
0
5.25753
0
2.79389
0
5.7961
0
4.54284
0
-3.76438
0
3.68581
0
-2.88619
0
-1.73629
0
2.55487
0
5.16394
0
4.3221
0
-4.33409
0
-1.31923
0
6.58695
0
-5.66805
0
1.47875
0
3.21347
0
-5.13021
0
5.02516
0
-5.02968
0
3.28357
0
1.66951
0
-4.18831
0
-1.95695
0
1.28274
0
4.76764
0
-2.16249
0
-3.557
0
0
1.40401
-2.87427
0
3.91519
0
-6.71677
0
5.66305
0
-0.726132
0
2.24036
0
-5.1886
0
5.11795
0
3.72664
0
-3.09855
0
-2.41329
0
-2.84805
0
-3.61401
0
0.264242
0
-1.61025
0
0.591583
0
0.415622
0
-4.96334
0
0
2.32215
0
6.97784
0
-3.05091
0
-1.15837
0
0.36478
0
-1.89464
0
6.53012
-6.72667
0
0
-0.123159
0
-3.71182
0
1.80816
0
-3.8225
0
3.86042
0
-2.23855
2.81398
0
-1.06586
0
-1.60771
0
2.32642
0
0
-1.22772
0
-4.67568
0
0.521587
0
-1.02864
0
1.13494
0
-5.61813
5.33007
0
-2.93365
0
4.2751
0
6.0247
0
1.93254
0
3.69403
0
-1.97674
0
-4.06234
0
0
-0.499661
0
-3.39118
0
-0.672757
0
-4.69951
-4.19668
0
5.71554
0
0
-3.32584
-3.68965
0
3.5375
0
-4.89991
0
-0.335561
0
-2.02568
0
0.571333
0
2.12616
0
-4.14074
0
-1.02705
0
-3.15447
0
4.26782
0
-5.23314
0
0.186581
0
-0.220214
0
-5.55018
0
6.4544
0
3.56016
0
-1.47743
0
-4.36927
0
-0.276681
0
-1.20015
0
1.96716
0
0
-3.52686
-1.3154
0
3.85091
0
-5.00051
0
1.46191
0
2.32384
0
-1.43142
0
0
-2.52983
0
-0.826217
0
1.81889
0
3.97587
0
1.73434
0
-2.91911
0
-0.0999122
0
-4.36252
-2.80767
0
1.76444
0
0
0.856931
0
-5.42282
5.19836
0
0
-2.85351
5.53675
0
0
-2.23022
0
3.44709
0
4.50545
0
-1.77933
0
4.07797
0
-6.11711
0
4.70526
0
-1.71584
0
-5.66444
0
1.76913
0
3.45252
0
-1.73089
0
0.361377
0
-1.24058
0
-4.69711
0
-0.926039
0
-5.8108
0
-4.10509
0
-1.84496
0
-3.31101
0
-1.20483
0
2.86704
0
-5.03113
0
2.41191
0
-3.3458
0
-3.48536
4.05072
0
0
-2.51606
-1.20265
0
0
-4.47599
0
1.84091
0
-3.06061
0
5.76193
0
-4.01077
0
-3.38423
0
4.33705
0
0.965115
0
5.72128
0
-1.29641
0
-0.420544
0
-2.83758
0
-0.90081
0
-1.79014
0
3.81403
0
-4.49101
0
4.44472
0
-0.967186
0
-3.04926
0
1.21616
0
-5.94248
0
3.80633
0
-0.415116
0
0.890963
0
-1.90953
0
1.34312
0
3.71152
0
-4.67457
0
5.37898
0
-3.85973
0
-1.3135
0
-3.03365
0
2.52895
0
-1.17728
0
-3.09873
0
1.30215
0
4.4246
0
-2.84514
0
-1.47741
0
1.71454
0
-0.25349
0
5.62973
0
-2.56327
0
-0.318417
0
2.7266
0
1.63845
0
1.13789
0
-6.07019
0
-2.12644
0
-1.76577
0
1.51676
0
2.18504
0
-3.18385
0
2.93346
0
2.67211
0
-2.52741
0
2.70308
0
-3.34187
0
2.18539
0
-1.75038
0
3.28516
0
-4.57344
0
7.23322
0
-5.74537
0
-1.32737
0
2.80853
0
-3.67695
0
0.532606
0
1.82098
0
-7.32137
0
5.07376
0
-0.358137
0
-3.38283
0
-0.770057
0
2.53208
0
1.70969
0
-2.55881
0
3.94337
0
-3.40386
0
-2.29244
0
-4.78146
0
-0.339399
0
-2.21811
0
0.450878
0
1.24455
0
2.23149
0
-2.74188
0
-5.44433
0
3.03406
0
-4.56141
0
7.65158
0
-1.49876
0
-5.68403
0
2.53087
0
2.45211
0
2.26274
0
-0.986367
0
3.95869
0
-2.14155
0
0.0169296
0
-4.99575
0
-1.41427
0
-3.76865
0
4.47366
0
-0.556829
0
-0.98721
0
1.24855
0
-3.23376
0
2.96211
0
-2.90845
0
-0.876941
0
-0.495401
0
4.00106
0
-2.42738
0
0.162355
0
-2.28215
0
-3.14442
0
3.4166
0
0.46012
0
-0.927035
0
-6.39838
0
4.61774
0
-2.22683
0
-4.90998
0
2.20738
0
4.46735
0
3.11076
0
-4.12769
0
-0.155603
0
1.21197
0
2.75849
0
-3.04057
0
-2.60938
0
2.91737
0
2.82216
0
-2.36129
0
-3.42205
0
2.47295
0
-0.916155
0
-1.85719
0
1.14299
0
-0.00971437
0
1.77332
0
-2.92098
0
1.99813
0
0.760494
0
-0.160945
0
-3.61746
0
-0.560711
0
2.10913
0
1.98906
0
-5.15707
0
0.123956
0
0.0459609
0
-5.22719
0
5.36878
0
0.140292
0
-4.31774
0
-0.89381
0
5.94183
0
3.86598
0
-3.79547
0
-4.08872
0
-2.15633
0
-1.37987
0
2.09181
0
1.03324
0
-4.99696
0
3.46382
0
-1.81729
0
3.59016
0
-1.62532
0
-2.61602
0
2.56149
0
5.32227
0
-2.10246
0
2.4508
0
-3.72977
0
-0.269443
0
-6.4115
0
5.1026
0
0.00301361
0
2.81111
0
-1.46008
0
-2.09961
0
2.9207
0
-0.900789
0
-0.567908
0
1.08514
0
2.04775
0
-3.49852
0
2.14466
0
-3.49933
0
0.952653
0
-3.69481
0
3.77225
0
-1.88357
0
0.381129
0
-2.23317
0
-6.19833
0
3.99848
0
4.12345
0
-3.37453
0
1.56346
0
-1.06978
0
0.984057
0
0.158141
0
0.961991
0
-4.90768
0
5.22843
0
-3.51971
0
-5.14995
0
-1.69237
0
4.25253
0
-0.443856
0
-1.41747
0
-6.98561
0
-0.331658
0
1.48148
0
2.32255
0
3.61489
0
-0.893321
0
5.17178
0
-4.49399
0
0.999331
0
-2.45419
0
-3.22193
0
4.28985
0
3.95031
0
5.84581
0
-1.68078
0
-2.38303
0
-1.68166
0
1.11772
0
2.66725
0
-4.90317
0
5.17539
0
0.535982
0
-1.27662
0
-3.48395
0
-2.00485
0
-1.19001
0
-3.88529
0
1.94968
0
3.99992
0
1.33938
0
-5.71838
0
6.44136
0
0.677704
0
-1.35892
0
6.16762
0
-3.9354
0
0.737717
0
-6.35851
0
-4.7185
0
1.33697
0
0.991757
0
-5.79054
0
-5.46686
0
-0.367351
0
5.3233
0
0.2664
0
-5.22642
0
-0.464454
0
0.081506
0
-0.0114646
0
-0.28123
0
-0.229792
0
5.8936
0
-3.1108
0
2.6455
0
-3.49016
0
1.22411
0
-0.308207
0
-1.27429
0
1.10459
0
-1.65417
0
-0.659703
0
2.78535
0
4.6374
0
-0.053224
0
0.38312
0
1.16378
0
-5.74351
0
2.01537
0
0.287747
0
-2.01789
0
2.24776
0
1.7665
0
1.2059
0
2.99822
0
3.9897
0
-0.628224
0
-0.840607
0
-2.3599
0
-1.51528
0
-0.231212
0
1.93013
0
1.03039
0
-2.86003
0
-4.12889
0
0.678879
0
0.581753
0
-1.37668
0
-5.62918
0
3.18798
0
-3.72403
0
1.78894
0
2.402
0
-3.76584
0
1.93607
0
2.43532
0
2.85974
0
-3.05203
0
1.12972
0
4.64485
0
-4.44994
0
3.14068
0
4.23781
0
-2.93594
0
0.201039
0
-1.56885
0
2.44019
0
-0.726499
0
1.70659
0
1.28431
0
6.85219
0
1.68008
0
3.94876
0
-2.59829
0
-4.26463
0
6.92439
0
-3.61139
0
-2.17743
0
1.70044
0
-4.30744
0
-1.51762
0
4.80731
0
3.29571
0
-0.422499
0
-2.55835
0
-2.01751
0
-3.20441
0
0.768724
0
0.166111
0
2.36844
0
-4.26464
0
0.0639561
0
-1.05092
0
-4.90075
0
-0.458208
0
-1.71592
0
1.04052
0
1.16532
0
-1.32845
0
-5.57588
0
5.09419
0
-5.50797
0
-1.43098
0
2.82631
0
-4.53231
0
-2.78604
0
3.87432
0
5.00717
0
-1.43694
0
-1.43161
0
1.44715
0
-4.26242
0
-0.785716
0
1.7195
0
-3.67717
0
-3.57966
0
0.580581
0
0.461088
0
1.66749
0
-7.06953
0
-0.0737929
0
-3.38465
0
1.2926
0
-2.65719
0
-6.50348
0
0.0297194
0
4.21716
0
-2.37914
0
-1.9596
0
1.60631
0
1.91755
0
-4.4337
0
-2.21233
0
4.7667
0
-4.92854
0
0.201842
0
-3.64932
0
4.26397
0
-5.30341
0
5.25188
0
-0.0410546
0
2.9339
0
0.432507
0
-3.79202
0
-2.58336
0
0.821139
0
-4.34659
0
1.89634
0
1.75945
0
-6.64925
0
-2.07156
0
2.85801
0
-4.97216
0
4.49883
0
-0.433239
0
-5.81844
0
3.14903
0
-6.0148
0
-0.259053
0
-2.01241
0
-3.00789
0
3.99738
0
-0.112724
0
-2.85142
0
0.289353
0
4.13941
0
-1.18225
0
-4.89343
0
2.90244
0
-0.121666
0
-3.36555
0
-1.56024
0
-3.34817
1.45516
0
-0.659526
0
-1.79424
0
-0.942762
0
0
4.12174
-4.38519
0
0.240046
0
-0.189559
0
4.28146
0
0.114319
0
1.32866
0
0.570065
0
0.34445
0
-3.16107
0
4.94708
0
-5.23104
0
4.1278
0
-3.72469
0
-0.514271
0
4.56428
0
-0.241659
0
0.174592
0
-4.18537
0
5.78724
0
0.141833
0
-0.267581
0
1.8618
0
-4.80715
0
0.730428
0
-1.0874
0
3.83838
0
-3.62979
0
6.05879
0
-3.61249
0
4.9699
0
-0.0458131
0
-5.06979
0
1.60853
0
4.30691
0
-5.11027
0
4.04687
0
-0.537146
0
0.792704
0
2.61363
0
-2.36238
0
-0.0736154
0
0.032516
0
-0.694838
0
3.57528
0
-0.174464
0
-1.51119
0
7.15889
0
-0.692213
0
-2.67392
0
-0.832013
0
4.53229
0
0.0324545
0
-4.37936
0
1.08227
0
2.54619
0
-2.49016
0
-1.97497
0
2.63467
0
0.108159
0
-0.359261
0
-1.10056
0
3.54214
0
0.175495
0
4.96766
0
-3.44471
0
6.75895
0
-4.47117
0
5.49585
0
2.71057
0
3.33593
0
3.01614
0
3.68791
0
-0.506356
0
-2.19037
0
0.461471
0
1.30312
0
-1.2931
0
-4.68975
0
6.43357
0
0.46193
0
0.934832
0
-5.10719
0
6.20709
0
-3.04225
0
-4.10659
0
-0.605708
0
-2.79133
0
5.84673
0
-3.62926
0
-2.07568
0
-1.46506
0
-1.39372
0
2.265
0
3.81718
0
-1.29597
0
0.375248
0
-2.89467
0
2.59169
0
-0.324956
0
2.78735
0
2.41272
0
-3.44584
0
5.38311
0
-3.05699
0
3.13923
0
1.79056
0
0.649151
0
7.24878
0
3.32272
0
0.98433
0
-2.52454
0
6.69399
0
2.36954
0
-3.02124
0
4.93058
0
1.81541
0
-0.657818
0
0.617399
0
6.70293
0
-1.59449
0
-3.51593
0
-1.741
0
3.01841
0
-2.0404
0
-1.80178
0
1.06339
0
4.49507
0
0.0621021
0
5.107
0
0.672192
0
1.0166
0
-2.31347
0
2.85246
0
-2.99901
0
-1.80183
0
6.6142
0
0.547771
0
-2.31249
0
1.27628
0
-2.78341
0
0.639447
0
1.37765
0
0.956816
0
5.72102
0
0.8509
0
-2.25866
0
1.71401
0
0.761981
0
2.94067
0
-3.46215
0
-2.21353
0
-3.32523
0
-3.20476
0
2.061
0
1.15647
0
2.61818
0
5.59963
0
0.860499
0
-3.168
0
5.34133
0
2.2093
0
0.715277
0
-2.46418
0
4.68476
0
0.902157
0
-2.13152
0
1.32589
0
0.241935
0
-2.98974
0
-2.55759
0
-3.22067
0
-2.87693
0
5.95537
0
-3.38907
0
2.24646
0
1.10134
0
-3.02488
0
-1.16335
0
-3.68022
0
1.84423
0
-0.489328
0
0.647811
0
2.70339
0
-1.72773
0
4.79441
0
-2.13529
0
8.57179
0
-0.747748
0
-2.20799
0
5.6424
0
1.61068
0
2.08443
0
-2.92824
0
6.30943
0
2.20871
0
0.838657
0
-2.6755
0
3.32628
0
-3.7606
0
-2.96203
0
5.72081
0
-1.16825
0
-1.72011
0
-0.851046
0
5.95674
0
-3.28232
0
2.55145
0
1.84785
0
-2.91985
0
2.93985
0
3.41848
0
1.11371
0
0.396379
0
2.42156
0
1.05698
0
-2.34978
0
8.01148
0
-3.77993
0
2.24565
0
4.69182
0
2.02375
0
2.58887
0
2.39225
0
2.62251
0
-2.69968
0
-4.32748
0
-0.554094
0
-2.73138
0
2.97359
0
3.39406
0
-3.63598
0
0.647676
0
2.1962
0
-1.96611
0
5.78291
0
-2.75865
0
1.92602
0
1.83162
0
8.07546
0
-0.806324
0
1.5637
0
5.65519
0
-3.15986
0
5.50805
0
1.39083
0
-1.49828
0
6.43876
0
-2.50549
0
5.90387
0
-4.32474
0
1.66075
0
5.95713
0
2.76859
0
-2.21372
0
2.14248
0
-5.06384
0
0.93615
0
-0.105501
0
1.75473
0
-1.86336
0
3.20898
0
1.29745
0
1.53618
0
1.06267
0
1.81338
0
1.02412
0
5.93427
0
0.222182
0
-4.69944
0
1.63412
0
4.68466
0
0.394377
0
0.673148
0
2.00735
0
0.439458
0
-3.09633
0
0.473633
0
0.233585
0
0.37494
0
-0.294367
0
1.61381
0
-4.05486
0
-0.233088
0
0.149793
0
-4.79996
0
1.65123
0
5.32266
0
-0.493379
0
0.271929
0
0.187129
0
-3.80479
0
1.32061
0
5.73858
0
-4.34618
0
0.635761
0
1.02904
0
1.09182
0
5.45463
0
1.25996
0
-3.13642
0
1.37839
0
0.473221
0
5.59975
0
-3.57466
0
-4.03157
0
0.0708792
0
-4.79653
0
-0.245496
0
2.58879
0
0.688978
0
4.50264
0
-4.32748
0
4.66215
0
1.07362
0
-5.79708
0
0.779804
0
1.02663
0
6.10214
0
-0.930936
0
-3.51714
0
3.78963
0
0.458432
0
-3.81217
0
1.29105
0
0.563278
0
4.53601
0
-5.25954
0
0.389776
0
1.02096
0
4.84733
0
-5.17712
0
1.9978
0
-0.0525892
0
3.91022
0
-3.15422
0
3.85167
0
-4.92579
0
3.90436
0
-2.91988
0
4.58133
0
-4.93464
0
6.16692
0
-3.4842
0
3.77199
0
-0.986017
0
-0.949111
0
0.0804694
0
-0.155353
0
-0.256929
0
1.12298
0
-0.403458
0
-0.20453
0
-1.32015
0
-5.02554
0
6.04212
0
-0.313703
0
-0.340793
0
-2.09268
0
-0.408761
0
0.184492
0
1.4638
0
-1.32178
0
-4.87504
0
5.26716
0
-5.72185
0
4.5802
0
-0.561552
0
-1.75323
0
-1.40167
0
-2.04389
0
-1.66492
0
-4.92499
0
5.25297
0
-0.440639
0
-0.18004
0
-6.02597
0
4.69678
0
0.644572
0
-0.063046
0
-0.719318
0
-3.82675
0
3.19494
0
-4.86015
0
4.89401
0
-5.40506
0
4.24232
0
-5.43835
0
4.19995
0
-0.798209
0
-4.37274
0
3.30429
0
-2.17872
0
-1.39466
0
-1.02294
0
-0.494648
0
0.512721
0
0.31516
0
-5.72047
0
-1.58667
0
3.74066
0
-5.58575
0
3.78614
0
-1.00206
0
-0.264602
0
0.177198
0
0.253742
0
-3.58464
0
-0.731999
0
-1.58989
0
4.58089
0
-1.19919
0
-4.93853
0
4.0152
0
-0.854217
0
-0.566779
0
-4.88832
0
-0.266054
0
3.05796
0
-4.2962
0
0.231107
0
-1.53629
0
2.77404
0
-5.41429
0
3.76744
0
-5.42759
0
-1.1288
0
-1.7391
0
4.99252
0
-4.66316
0
3.22445
0
-5.61178
0
3.05457
0
0.617977
0
1.24044
0
-3.80962
0
3.58404
0
-5.93149
0
4.3331
0
-0.970459
0
0.446888
0
0.882831
0
-4.22353
0
3.66975
0
-5.09078
0
4.98012
0
-1.46946
0
-1.74922
0
-6.00396
0
4.38942
0
0.221399
0
-6.05455
0
2.09395
0
-1.96146
0
-1.46691
0
-3.74498
0
2.70114
0
-5.07325
0
2.91264
0
-3.74272
0
-1.10295
0
4.09064
0
-5.55696
0
3.61662
0
-5.29604
0
1.92991
0
-0.407597
0
-0.29152
0
0.315783
0
-4.82008
0
-1.2142
0
5.1002
0
-0.408516
0
-0.891116
0
-1.14988
0
-5.22971
0
2.64408
0
-0.176879
0
-4.58217
0
-0.420361
0
-0.713038
0
-0.970426
0
3.72537
0
-1.38081
0
-5.18048
0
3.967
0
-4.69833
0
0.737099
0
0.602549
0
1.96464
0
-1.05398
0
-4.31999
0
-1.35819
0
-1.61211
0
3.83697
0
-1.53664
0
-4.54425
0
3.36987
0
-3.98811
0
-0.225238
0
-0.968086
0
-1.3468
0
3.98346
0
-5.06202
0
-1.26615
0
-1.98065
0
2.43497
0
0.851976
0
-3.37676
0
4.44065
0
-0.209649
0
-5.76104
0
4.39157
0
-5.4137
0
5.21083
0
-5.22346
0
-0.201904
0
-0.878702
0
5.60536
0
-5.00871
0
-0.553775
0
4.39901
0
0.0670709
0
-0.261286
0
0.883892
0
-4.79224
0
5.04195
0
-5.35946
0
4.2868
0
-4.34681
0
-0.894568
0
0.414761
0
4.74852
0
-0.0782976
0
-4.37245
0
3.47297
0
0.455348
0
0.189201
0
-0.41081
0
-4.02444
0
4.00886
0
-5.15602
0
-0.825886
0
-1.1886
0
3.7317
0
-5.32802
0
5.08168
0
0.438169
0
-5.59536
0
3.68164
0
-0.407547
0
-4.59791
0
4.25017
0
-5.68807
0
5.06333
0
0.0462592
0
-5.52849
0
0.536701
0
4.56081
0
-4.3208
0
-0.171585
0
4.04071
0
-0.261531
0
0.0441058
0
-3.4756
0
-1.19729
0
0.0235171
0
1.11594
0
4.85011
0
-4.01881
0
0.728295
0
-0.115208
0
4.16033
0
-4.82371
0
0.866191
0
4.43145
0
-0.038645
0
-4.82951
0
5.30758
0
-4.70835
0
5.0773
0
-4.65025
0
5.61975
0
-4.49671
0
-1.09568
0
0.863715
0
0.0740416
0
5.297
0
0.430593
0
0.702535
0
0.0914273
0
-1.37197
0
-0.934382
0
-3.65441
0
6.02222
0
-0.715792
0
-3.97426
0
1.44421
0
3.42711
0
-0.105181
0
1.00424
0
-0.324275
0
-3.95305
0
4.1992
0
-4.71972
0
-0.344326
0
-1.01632
0
-0.752981
0
0.550854
0
4.71832
0
0.227988
0
-4.29265
0
5.90015
0
-0.22566
0
-3.15501
0
4.00527
0
1.04659
0
0.512938
0
-4.17178
0
0.684732
0
-0.352493
0
4.24267
0
-3.62543
0
0.228733
0
4.66698
0
-4.08981
0
3.97254
0
-4.44959
0
-0.420612
0
5.26612
0
-4.14237
0
5.24913
0
-3.5961
0
-0.7416
0
3.6912
0
-1.01487
0
-0.0486553
0
-3.94116
0
1.47507
0
5.13601
0
1.0112
0
-0.276645
0
-2.53753
0
-0.357101
0
-0.927715
0
4.67603
0
-4.76888
0
-0.496836
0
0.0241899
0
-0.396461
0
5.32334
0
-2.93193
0
0.621906
0
5.48172
0
-5.29598
0
4.99714
0
-3.39333
0
5.40908
0
1.11178
0
-3.53282
0
4.35321
0
-5.47949
0
1.00581
0
4.82411
0
0.474217
0
0.392733
0
0.0421922
0
-3.94826
0
0.5342
0
5.8492
0
-0.76991
0
-3.60802
0
0.0157174
0
-0.709605
0
4.38291
0
-0.423684
0
-3.56207
0
-0.283147
0
-0.766482
0
-0.189343
0
1.13337
0
0.502373
0
4.37677
0
-3.37135
0
1.37915
0
0.889668
0
0.631216
0
4.62195
0
0.92358
0
1.65435
0
-0.514891
0
-4.99681
0
5.22905
0
-4.98251
0
4.65515
0
0.0566173
0
-4.31059
0
-0.445048
0
4.94644
0
0.117039
0
-4.48255
0
4.63396
0
-0.917931
0
-0.0131304
0
-2.15876
0
-0.585363
0
0.852913
0
1.70343
0
1.00636
0
0.0937765
0
3.99875
0
-3.37631
0
6.19658
0
-4.44796
0
0.226304
0
3.00831
0
-1.16914
0
-0.52606
0
0.150774
0
-3.89209
0
3.81929
0
0.936914
0
-0.651413
0
-4.48714
0
-0.828534
0
1.5009
0
-3.45409
0
-1.18648
0
-4.24658
0
4.23869
0
-3.56582
0
3.8164
0
-3.91775
0
-0.454892
0
5.90813
0
-4.71208
0
-0.402951
0
0.91988
0
5.1315
0
-0.145273
0
0.546314
0
0.0694711
0
-4.39089
0
0.547188
0
4.08276
0
-4.60859
0
4.8799
0
-4.45652
0
-0.0188131
0
4.35017
0
1.48996
0
-3.80407
0
0.252521
0
0.143632
0
4.81864
0
-0.403095
0
-0.546731
0
-3.30843
0
0.458335
0
-0.201974
0
0.729394
0
0.0584273
0
4.26284
0
-3.73636
0
-0.427362
0
3.41436
0
-3.48523
0
-0.389902
0
5.11881
0
-0.801154
0
0.0228384
0
-3.967
0
4.28393
0
-3.54014
0
-0.587099
0
3.85152
0
-4.10652
0
-1.01601
0
1.66306
0
4.95047
0
-3.81233
0
4.74215
0
0.0181551
0
-4.89349
0
0.804619
0
4.2643
0
-4.87153
0
4.16155
0
-4.78941
0
3.66493
0
-0.0684183
0
-4.85963
0
0.133966
0
-0.264545
0
1.64071
0
4.63221
0
0.735531
0
0.00905704
0
1.30196
0
-5.56344
0
0.0318838
0
0.624036
0
5.95796
0
-1.07641
0
-3.45893
0
-0.70498
0
2.91163
0
0.488387
0
-2.86852
0
0.603139
0
3.75212
0
-2.98579
0
-0.469145
0
-0.648651
0
-0.679608
0
-0.175774
0
-0.565152
0
-0.141754
0
-0.314014
0
-0.267802
0
4.60474
0
-4.47838
0
5.98879
0
-0.653323
0
-0.352505
0
0.0235038
0
-0.0125904
0
0.497889
0
0.811978
0
-5.02634
0
5.80971
0
-0.54548
0
-4.43673
0
5.61424
0
0.172619
0
0.19175
0
-0.860104
0
0.423382
0
-3.99316
0
4.03419
0
-3.33177
0
1.05212
0
4.57184
0
-5.50678
0
4.99435
0
0.437184
0
1.01449
0
-4.69788
0
4.52171
0
0.284824
0
-2.78668
0
0.961199
0
4.16306
0
0.410796
0
-3.8288
0
4.90512
0
-4.04398
0
4.86339
0
-4.85768
0
-0.78248
0
-0.318697
0
0.8146
0
-0.379573
0
0.917014
0
6.06749
0
-0.635641
0
0.648007
0
-1.36385
0
-4.36774
0
4.34332
0
0.95136
0
-0.0578967
0
-0.590369
0
-5.2993
0
0.201633
0
4.14317
0
0.620655
0
-5.36995
0
3.67222
0
-4.76846
0
3.8482
0
-0.00714421
0
-4.0309
0
-1.21936
0
0.44328
0
1.23132
0
-0.044744
0
4.82379
0
0.088035
0
0.0799296
0
-5.39958
0
-0.382737
0
0.499021
0
5.47363
0
-1.62203
0
-0.368473
0
-2.83501
0
0.79789
0
3.53963
0
-3.88727
0
0.507031
0
3.69855
0
-3.49145
0
-0.643757
0
4.4402
0
-5.69983
0
-0.811428
0
0.415671
0
3.79863
0
-4.67587
0
-0.774748
0
4.69206
0
-4.83331
0
-1.07191
0
5.67234
0
-4.52251
0
5.46702
0
-3.14263
0
4.40107
0
-3.73652
0
-1.1331
0
5.57501
0
-5.07105
0
-0.180306
0
5.02468
0
-0.927619
0
-0.50825
0
0.499228
0
0.491636
0
-4.35105
0
0.100177
0
5.04339
0
-5.27208
0
-0.662356
0
-0.848087
0
4.53713
0
-0.954132
0
-0.301858
0
-4.56424
0
-0.463522
0
-1.2592
0
4.87742
0
-5.22116
0
3.97675
0
-4.61728
0
-0.669888
0
3.07865
0
-5.69275
0
0.881944
0
3.86617
0
-4.70182
0
3.03248
0
-1.0951
0
1.00494
0
-3.85505
0
-0.634876
0
5.69375
0
-4.37712
0
0.191893
0
4.49411
0
-0.354637
0
-5.67246
0
4.83134
0
-5.4753
0
0.0653486
0
0.410492
0
3.65915
0
-5.17132
0
-0.412528
0
0.725267
0
-0.335086
0
3.20745
0
-0.463891
0
-3.87351
0
5.6256
0
-5.53477
0
3.64291
0
-5.11541
0
3.13661
0
-0.559669
0
-5.25608
0
-0.270805
0
0.167286
0
5.49048
0
-0.164788
0
-0.488647
0
0.199342
0
-1.05817
0
-5.3615
0
-0.633079
0
-1.24211
0
3.88858
0
-5.20143
0
-0.37947
0
5.06519
0
-0.962633
0
0.342318
0
-3.27346
0
0.363316
0
3.90083
0
-4.39637
0
4.41098
0
-4.09637
0
-0.188062
0
-0.882229
0
4.89649
0
-6.05891
0
0.296012
0
-0.775423
0
3.12088
0
-0.116839
0
0.387535
0
-3.83004
0
4.98635
0
-4.66461
0
4.60939
0
-5.07177
0
4.24052
0
-5.29993
0
0.73818
0
4.7012
0
-5.50519
0
5.43987
0
0.878546
0
-0.0473142
0
-0.983331
0
-0.41456
0
-0.323425
0
-3.77672
0
-0.4927
0
4.62607
0
-0.430157
0
-4.62832
0
3.24423
0
-0.00445664
0
-0.295886
0
-0.303882
0
-5.44733
0
1.00161
0
0.936651
0
0.525784
0
0.160741
0
4.29903
0
-4.16271
0
5.8377
0
-0.598248
0
-4.30313
0
0.466177
0
3.76873
0
-0.550201
0
-0.3851
0
-4.01883
0
3.48056
0
0.544525
0
-3.63015
0
0.0610328
0
-0.339813
0
0.635479
0
0.0149097
0
4.30688
0
-4.89516
0
4.22545
0
-4.38661
0
-0.362214
0
-0.792237
0
4.62823
0
-0.32705
0
0.212676
0
-4.30798
0
3.82194
0
0.579381
0
0.720656
0
-4.71929
0
4.31323
0
-4.23851
0
0.341672
0
3.80781
0
-4.9358
0
4.72422
0
-4.38071
0
4.05187
0
-4.42037
0
3.74628
0
0.153043
0
-4.69435
0
0.049809
0
4.70433
0
-0.591136
0
-0.297039
0
0.908609
0
-0.0443068
0
-0.25351
0
-3.66785
0
0.6789
0
0.496432
0
0.522291
0
0.138513
0
3.67014
0
1.63445
0
-0.473803
0
-0.0338454
0
-5.94091
0
0.456804
0
5.48889
0
-0.262214
0
-0.0982137
0
-4.04383
0
0.532301
0
3.68834
0
1.36838
0
-6.26962
0
0.38758
0
0.898975
0
0.122907
0
3.03596
0
-3.29073
0
-0.0496821
0
0.0967286
0
-0.785308
0
-1.33705
0
1.03797
0
4.79772
0
0.0370353
0
-5.5332
0
4.51627
0
-3.9879
0
5.38359
0
-0.319217
0
-0.432974
0
0.307913
0
-5.18972
0
0.887884
0
0.0947447
0
5.81074
0
-2.05854
0
-0.282998
0
-3.49682
0
4.85856
0
0.370411
0
-4.04154
0
-0.206619
0
4.02219
0
-3.76711
0
0.645025
0
3.98688
0
-2.79954
0
4.8933
0
-3.95106
0
-0.835488
0
-1.62486
0
1.07141
0
4.51936
0
-5.21104
0
-0.21302
0
4.71626
0
-0.451801
0
1.43852
0
-3.23171
0
4.70887
0
0.880367
0
-4.63446
0
4.73444
0
-4.75662
0
1.52436
0
0.414911
0
3.88976
0
-4.8998
0
5.27816
0
-4.29832
0
-0.201653
0
4.09575
0
0.818025
0
-3.6672
0
4.6265
0
-3.76256
0
4.0065
0
0.325387
0
0.00699568
0
-5.2079
0
0.241486
0
0.3891
0
0.616485
0
4.18997
0
-0.814525
0
0.205295
0
-4.82549
0
4.53893
0
-4.53409
0
0.51119
0
4.21701
0
-0.154287
0
-4.91198
0
1.20699
0
4.6314
0
-1.99114
0
-2.62258
0
1.44204
0
-4.4934
0
0.721594
0
-0.883022
0
2.4181
0
-0.0378232
0
-1.61373
0
4.32927
0
0.476005
0
-5.41152
0
-0.330895
0
-0.784907
0
4.10422
0
-0.896652
0
-0.104404
0
1.29722
0
-5.17602
0
-0.121253
0
0.979387
0
0.438915
0
4.71369
0
-3.5841
0
0.484895
0
5.64271
0
-0.854509
0
-3.63874
0
-1.13201
0
4.22917
0
-0.429329
0
-3.49562
0
3.504
0
-4.06128
0
-1.21875
0
-0.221121
0
-0.708457
0
-0.478255
0
2.02153
0
1.05365
0
0.468387
0
6.08545
0
-1.30292
0
-4.4002
0
6.51477
0
-2.1434
0
-0.488114
0
1.36911
0
0.32574
0
0.801176
0
-4.00366
0
0.0248497
0
-0.851315
0
3.76667
0
-4.1558
0
4.94383
0
0.577489
0
-1.06088
0
0.402337
0
-3.96576
0
-0.192364
0
4.85502
0
-5.17019
0
4.05799
0
0.889664
0
-4.16437
0
4.71126
0
1.1359
0
-2.59199
0
0.149812
0
-1.12544
0
5.45204
0
-0.659815
0
-4.93787
0
-1.13443
0
3.34925
0
-4.80817
0
-0.456384
0
-0.169397
0
5.33756
0
-3.84362
0
-0.0610723
0
-0.385132
0
-0.821424
0
-0.698204
0
4.52278
0
-4.30403
0
5.5864
0
-5.93329
0
4.44494
0
-4.14237
0
3.87285
0
-0.685255
0
0.467345
0
-4.12735
0
4.25199
0
0.454464
0
1.63547
0
-1.14302
0
0.883814
0
1.24594
0
-3.77072
0
5.08058
0
-5.37637
0
4.98906
0
-5.20914
0
4.91951
0
0.628215
0
0.520429
0
1.23212
0
-3.04603
0
3.86892
0
1.28038
0
-0.924105
0
-1.42841
0
0.440594
0
-3.27819
0
5.86512
0
-0.455813
0
-5.31469
0
5.03125
0
-4.22858
0
4.31707
0
-0.66556
0
0.920567
0
-4.80368
0
4.68149
0
-4.82213
0
-1.06842
0
3.0125
0
-0.613309
0
0.218461
0
-4.16067
0
3.78467
0
-4.13851
0
3.99573
0
0.141621
0
-5.52532
0
0.155773
0
0.279014
0
5.76567
0
-4.41024
0
5.27411
0
0.0329644
0
0.0228276
0
-3.8881
0
-0.957575
0
1.11184
0
5.04959
0
-5.15711
0
4.73823
0
-0.0762711
0
-4.83938
0
4.38696
0
-5.23244
0
-0.158062
0
5.41318
0
-5.21422
0
4.4372
0
-0.506235
0
-3.27945
0
0.847077
0
3.20264
0
-2.24164
0
-4.34463
0
-1.41541
0
4.26504
0
-1.13706
0
-4.77327
0
-1.08929
0
-0.525677
0
0.949682
0
-0.216922
0
-0.73103
0
0.150203
0
-0.291877
0
-0.0111473
0
-0.445322
0
-1.30666
0
4.46199
0
0.490409
0
-0.386516
0
-0.021557
0
-1.85596
0
-1.33547
0
1.39864
0
-1.18499
0
0.0232933
0
-5.29884
0
-0.647181
0
4.53861
0
0.366187
0
-2.07719
0
-0.59725
0
0.950135
0
-0.167615
0
-0.0492437
0
-3.76731
0
1.04004
0
0.644149
0
0.443468
0
4.09964
0
0.511785
0
0.374189
0
0.259145
0
-1.80511
0
-3.8047
0
-1.04697
0
4.15298
0
-0.120806
0
-5.19322
0
-0.624254
0
3.37801
0
-0.154917
0
0.780936
0
-3.41025
0
0.0246968
0
0.00410986
0
0.29551
0
-0.389257
0
0.0127206
0
0.718803
0
-0.00519252
0
5.4846
0
-5.51833
0
-1.13833
0
3.40403
0
0.805089
0
-0.244178
0
0.00428152
0
-1.14832
0
-0.161715
0
-3.40098
0
5.64513
0
-5.53495
0
-0.701522
0
-0.738617
0
3.27306
0
-0.790046
0
-0.167557
0
0.462465
0
