0
0
0
0
0
0
0
0.453234
0
3.16801
0
3.17046
0
-10.0935
-2.15831
0
-0.471768
0
-3.18116
0
0.309102
0
5.07439
0
-5.3913
0
-3.17567
0
3.63433
0
0.56438
0
1.6947
0
2.25102
0
-0.552522
0
-6.85081
0
1.90114
0
1.20663
0
2.49128
0
1.4475
0
-4.98179
0
8.56144
0
-3.86792
0
1.14337
0
1.60926
0
-3.50636
0
-0.964331
0
2.68962
0
0.815759
0
-5.73873
0
2.35326
0
-3.43924
0
-5.55737
0
4.88595
0
1.70943
0
-4.36591
0
9.33524
0
-4.39432
0
-6.10245
0
2.62024
0
0.427486
0
3.56251
0
0.142088
0
-0.931928
0
-8.65862
0
0.326694
0
3.7651
0
0.322464
0
-4.24709
0
9.5049
0
-4.43448
0
-3.40795
0
8.14536
0
2.82891
0
-0.0107491
0
-2.16756
0
1.56574
0
1.64997
0
-10.8451
0
-3.74915
0
3.71742
0
-1.21121
0
1.76017
0
3.6032
0
-3.71724
0
1.0222
0
-1.56476
0
-0.892745
0
0.66667
0
-4.88699
0
-1.20468
0
7.7057
0
-8.50746
0
1.08837
0
2.91247
0
0.361184
0
5.48282
0
-4.52375
0
-0.780361
0
8.93271
0
-0.182729
0
-3.30498
0
2.56874
0
-5.16646
0
-1.43276
0
-6.79337
0
4.96112
0
-4.1971
0
-2.65393
0
3.47731
0
-4.45534
0
-3.37898
0
10.2387
0
-3.68813
0
-0.968346
0
-3.45907
0
8.89619
0
0.926624
0
-7.83198
0
1.59572
0
9.47192
0
-3.91876
0
-0.34375
0
-0.499443
0
-1.35888
0
0.157969
0
2.1174
0
-0.436701
0
-0.411306
0
0.12488
0
-3.48529
0
0.690183
0
-6.09071
0
-1.0236
0
0.0495861
0
5.79133
0
0.693224
0
-5.70183
0
-0.359887
0
5.47025
0
1.46283
0
-0.310123
0
-0.191596
0
-4.70571
0
5.67053
0
-0.227799
0
0.674929
0
-1.32505
0
0.756859
0
-0.314345
0
3.79592
0
-0.107461
0
-3.55177
0
-4.28058
0
4.94966
0
-4.2876
0
0.484516
0
9.95628
0
-8.78022
0
4.49292
0
-0.082982
0
0.652146
0
3.20572
0
1.18905
0
-8.66455
0
3.07272
0
5.06904
0
-8.37616
0
6.31482
0
1.13292
0
4.9428
0
-3.1575
0
0.476982
0
3.85892
0
-2.79501
0
3.99568
0
-5.32594
0
-1.39631
0
-1.38414
0
-0.0558748
0
3.23178
0
-4.91288
0
-0.881463
0
-6.24142
0
-0.11271
0
9.04331
0
-6.21995
0
4.50065
0
-6.65345
0
6.61914
0
4.46975
0
-4.85032
0
1.21472
0
-7.45159
0
5.66677
0
-1.89511
0
-5.6792
0
2.64201
0
-0.101656
0
2.52709
0
-9.83502
0
4.31532
0
5.19218
0
-3.926
0
1.84932
0
-0.451151
0
-8.58937
0
4.10683
0
-0.475111
0
-1.22543
0
2.61833
0
4.57135
0
-9.05381
0
-2.73234
0
2.81706
0
4.05296
0
-0.959695
0
1.96816
0
0.174124
0
1.09493
0
-2.06748
0
-1.61906
0
3.80381
0
-0.712264
0
4.65679
0
-8.91439
0
2.00467
0
1.32332
0
-1.53737
0
1.62271
0
-8.17312
0
2.50529
0
-7.07591
0
-1.38568
0
3.28155
0
0.675767
0
-3.34897
0
-2.28256
0
5.75978
0
10.3867
0
0.317844
0
-3.67572
0
-0.803375
0
4.86598
0
0.981484
0
0.538452
0
5.91854
0
-4.15334
0
3.07723
0
1.00923
0
-1.48468
0
-1.46392
0
4.57089
0
-5.74839
0
8.31503
0
-5.39532
0
1.33494
0
3.05951
0
2.34437
0
1.99161
0
-0.769934
0
0.928777
0
-3.69725
0
0.0792427
0
-9.13883
0
-2.50937
0
1.80197
0
2.73407
0
0.811133
0
-5.03528
0
5.58727
0
1.09957
0
-5.36352
0
9.79559
0
0.787264
0
5.17854
0
-4.02059
0
-1.51561
0
5.66482
0
-0.0858886
0
1.79954
0
-4.33921
0
5.93465
0
-1.58982
0
0.0521753
0
8.35478
0
-3.69151
0
-1.30046
0
-0.326039
0
-0.868244
0
10.6595
0
-0.413484
0
-7.20222
0
1.43214
0
0.175547
0
-0.0264563
0
0.685887
0
7.66047
0
-9.08401
0
2.82107
0
4.84903
0
-3.07429
0
3.4205
0
-0.126544
0
-2.7107
0
-0.803773
0
-4.96791
0
2.42476
0
-6.11226
0
-1.11711
0
3.21535
0
-3.42349
0
-8.1829
0
3.96052
0
-3.05175
0
-2.61337
0
10.6064
0
-0.506069
0
-5.92283
0
4.29095
0
-1.83656
0
1.43313
0
-8.85972
0
4.49786
0
-4.22514
0
1.88325
0
9.02384
0
-3.16129
0
-2.74648
0
-1.52067
0
-2.13376
0
2.00739
0
-2.99555
0
5.3942
0
-0.335351
0
1.01716
0
-0.00901452
0
-0.388743
0
-3.86567
0
1.21732
0
-5.56327
0
4.80302
0
9.6653
0
-4.01291
0
-5.16864
0
-2.53609
0
6.57984
0
1.5502
0
0.151109
0
-6.96107
0
1.61112
0
6.11032
0
3.66631
0
-8.93411
0
3.58012
0
0.416302
0
2.53424
0
0.897319
0
-2.55025
0
-0.729507
0
1.36764
0
1.70422
0
-1.4977
0
-2.51775
0
1.96482
0
-6.04474
0
0.992589
0
-3.52163
0
4.00367
0
0.442866
0
-2.07452
0
2.05213
0
8.11767
0
-4.96633
0
-4.77413
0
-0.16251
0
-0.597182
0
7.23637
0
-2.02711
0
3.0418
0
5.00044
0
-0.605161
0
-1.31707
0
-2.96351
0
2.92911
0
-6.45125
0
3.03691
0
-2.1664
0
3.44413
0
-9.50783
0
4.48992
0
-3.38428
0
2.89734
0
-5.49448
0
4.73913
0
-6.6003
0
2.81691
0
-6.07916
0
7.9371
0
-7.37562
0
8.07886
0
-7.75676
0
1.94083
0
-0.00964677
0
0.242256
0
-0.102911
0
1.82502
0
-2.70705
0
0.354594
0
5.32158
0
-0.250467
0
10.8116
0
-7.30404
0
-3.08772
0
5.17935
0
-0.395748
0
3.60583
0
2.19974
0
-3.2542
0
0.0462623
0
10.299
0
-7.1072
0
7.93928
0
-7.367
0
4.5137
0
2.95665
0
0.179609
0
-0.183217
0
-1.4979
0
2.29759
0
1.18401
0
3.03413
0
0.198893
0
9.00867
0
-3.7737
0
1.93302
0
-3.22469
0
6.96199
0
5.14143
0
-6.75359
0
3.99971
0
-7.92937
0
6.94328
0
-2.83786
0
4.99986
0
-8.53341
0
2.19667
0
1.61817
0
-7.85528
0
4.63736
0
-1.52676
0
-1.72838
0
4.31955
0
2.38953
0
-3.2975
0
10.1609
0
-1.49362
0
-1.37324
0
8.46604
0
-5.63596
0
-1.19816
0
-0.918321
0
3.89769
0
0.610387
0
2.35184
0
-1.78398
0
-1.43831
0
-1.90133
0
4.55155
0
5.24751
0
0
-3.47799
3.74451
0
0
0.958819
0
0.509566
0
-6.35101
-2.98738
0
3.10199
0
-3.00627
0
-4.10634
0
0.656868
0
0.938596
0
-6.28436
0
3.44926
0
-3.54425
0
7.98785
0
-6.15965
0
5.72037
0
-7.36853
0
4.05538
0
-5.4254
0
1.28417
0
1.06253
0
1.12499
0
-8.30125
0
6.04507
0
-4.33647
0
4.17842
0
3.57005
0
0.353531
0
1.1021
0
-7.82253
0
4.84319
0
-6.63928
0
5.8735
0
3.96966
0
1.88428
0
-8.92569
0
2.59193
0
2.67377
0
-5.62238
0
1.58254
0
1.75872
0
2.25216
0
-3.57367
0
4.66323
0
-5.05076
0
6.59987
0
0
-4.80146
-6.19018
0
5.87771
0
-9.9158
0
5.59379
0
-2.61733
0
0.316391
0
0.081079
0
0.870006
0
0.909631
0
-10.7683
0
-0.0661622
0
3.4926
0
6.69026
0
2.08209
0
1.37573
0
-1.43474
0
-1.33716
0
9.9991
0
0
-2.42356
0
7.83091
0
-8.34138
0
1.40787
0
-1.2884
0
4.41695
0
-6.49808
8.72671
0
0
-7.11149
0
-1.28081
0
-0.794508
0
0.214894
0
1.44114
0
-2.39277
-0.16036
0
-0.174842
0
-0.284033
0
6.87889
0
0
-3.97044
0
6.9943
0
-5.86682
0
-1.38098
0
-2.55376
0
-7.57783
5.63299
0
-3.12801
0
1.41887
0
-3.44975
0
1.66918
0
2.72965
0
-4.30757
0
4.64844
0
0
4.6685
0
-2.81827
0
0.758172
0
-6.52404
2.88121
0
3.5292
0
0
-7.678
-5.76313
0
4.58549
0
-10.6819
0
-0.435018
0
4.88755
0
4.47594
0
-1.11766
0
1.60512
0
-2.04894
0
3.19458
0
-6.02599
0
8.10979
0
-4.84698
0
-0.967482
0
-5.62838
0
4.42334
0
1.4017
0
-3.94217
0
5.61434
0
2.4173
0
0.441751
0
4.9631
0
0
-7.04553
3.90524
0
-0.935118
0
-1.06335
0
-1.6213
0
2.53083
0
4.90702
0
0
-0.681493
0
-0.2036
0
-3.04287
0
2.4146
0
0.832004
0
-3.19783
0
1.39365
0
-6.55306
0.774022
0
5.41782
0
0
-0.769526
0
-6.3381
5.38144
0
0
-5.24924
5.86091
0
0
-0.00629997
0
5.16879
0
1.89597
0
-4.23656
0
8.74112
0
-2.13168
0
-2.58355
0
3.62208
0
-2.97973
0
1.27672
0
-2.93906
0
2.11904
0
-1.53045
0
-1.15391
0
5.76472
0
3.53968
0
-7.24045
0
3.38504
0
-2.13781
0
1.53378
0
-4.12202
0
2.54683
0
-9.70222
0
5.57095
0
-6.11057
0
-5.97052
2.14504
0
0
-2.16872
5.53884
0
0
7.59195
0
3.09528
0
4.21353
0
-6.95683
0
4.13745
0
10.148
0
-2.38419
0
-1.89419
0
0.644428
0
-0.148864
0
2.68332
0
1.14632
0
-1.15554
0
2.31047
0
-1.50027
0
-1.78421
0
6.47799
0
0.937145
0
-4.45741
0
-1.42717
0
10.9223
0
-7.5775
0
4.67742
0
5.10776
0
-2.42381
0
0.89694
0
-1.18448
0
1.21298
0
4.03409
0
-8.96674
0
-1.77291
0
6.81021
0
-7.0763
0
-2.94024
0
7.10103
0
-3.53272
0
3.40967
0
-4.64681
0
-0.341369
0
1.86766
0
4.19752
0
4.71814
0
-4.61207
0
-0.453216
0
1.46938
0
-0.833605
0
1.87221
0
-5.10871
0
1.58489
0
-2.76383
0
1.43848
0
5.66549
0
-4.07096
0
-5.46278
0
-0.313695
0
7.18528
0
-6.11502
0
-0.337279
0
-0.444587
0
-1.84356
0
3.14479
0
-3.06005
0
-5.05418
0
7.94065
0
-3.66924
0
3.13457
0
-3.74453
0
1.3452
0
1.35871
0
-10.1752
0
3.65836
0
0.461764
0
-0.149173
0
0.375394
0
1.12889
0
-2.54157
0
1.13042
0
5.42721
0
-2.38216
0
2.55875
0
8.41899
0
-7.02082
0
-2.65806
0
1.88963
0
-1.41018
0
6.01663
0
-2.20947
0
-2.3704
0
-5.74982
0
-2.1277
0
10.2256
0
-3.23812
0
6.85398
0
-2.02612
0
0.0202671
0
-0.577056
0
-2.31127
0
0.55337
0
-4.07275
0
3.29096
0
7.98627
0
-2.10887
0
3.12507
0
-8.11823
0
3.29905
0
3.34128
0
1.02401
0
-7.21334
0
0.919354
0
0.636189
0
-1.268
0
-0.950541
0
3.05044
0
0.291265
0
-5.83553
0
-8.50972
0
1.10982
0
-0.193798
0
-5.85355
0
-1.7934
0
8.46559
0
-7.70406
0
8.12637
0
1.12908
0
-0.855255
0
2.35252
0
-0.521466
0
2.25602
0
0.36318
0
-0.0545421
0
-4.07995
0
3.19445
0
8.69252
0
-6.6808
0
8.87006
0
-1.28431
0
2.71279
0
5.59621
0
-5.07678
0
5.31582
0
0.124623
0
0.754998
0
-6.01831
0
-6.93215
0
3.05392
0
1.52606
0
1.93494
0
-0.499267
0
0.0727227
0
-1.86991
0
-4.69075
0
7.53123
0
-7.99072
0
-2.27349
0
6.77283
0
-6.94166
0
3.1716
0
-3.09799
0
-0.287835
0
2.27038
0
0.627697
0
-11.59
0
-1.38813
0
2.03739
0
-2.67339
0
2.17257
0
1.03207
0
1.68947
0
-4.23955
0
0.727103
0
-1.44277
0
1.29862
0
1.78079
0
-1.32786
0
-6.09109
0
5.85327
0
-5.46727
0
-4.832
0
-1.49879
0
8.91828
0
2.47647
0
-2.32872
0
2.55666
0
-1.64639
0
-1.00488
0
2.21027
0
-2.06405
0
-1.38366
0
1.50522
0
0.0444695
0
-6.56724
0
-3.67995
0
7.36082
0
-6.27337
0
-5.99836
0
5.27089
0
-2.60044
0
2.24257
0
-2.51102
0
6.42294
0
1.50977
0
9.78989
0
-6.48033
0
1.80211
0
1.43821
0
-2.97068
0
-6.99585
0
2.29498
0
8.00814
0
6.82859
0
0.730581
0
-3.6976
0
0.793413
0
5.39541
0
-1.56797
0
-1.16832
0
7.13253
0
-0.762205
0
-6.17524
0
0.978572
0
2.29916
0
-2.84138
0
11.0955
0
-1.75197
0
-3.11263
0
-8.65495
0
1.28728
0
0.0386565
0
0.100275
0
-6.4044
0
6.79074
0
-0.522337
0
-2.32836
0
3.08593
0
1.85061
0
-1.22716
0
-1.32723
0
-6.71925
0
8.82093
0
-0.269943
0
-2.05907
0
8.28701
0
0.810914
0
0.203741
0
-1.62214
0
-5.69823
0
7.7192
0
3.65247
0
-4.28614
0
4.46276
0
-2.70671
0
-1.03173
0
2.29944
0
-8.51942
0
3.84925
0
-4.97433
0
4.14835
0
-8.51557
0
3.81988
0
-0.608206
0
-3.39608
0
0.22174
0
3.20224
0
-1.28087
0
0.126027
0
-0.330661
0
0.339213
0
-0.270687
0
5.56302
0
-6.53288
0
5.67148
0
-5.99466
0
1.68664
0
-1.06982
0
-3.11596
0
0.366342
0
0.0990716
0
6.66545
0
-0.204766
0
-6.97767
0
-1.03261
0
2.18305
0
4.8555
0
-12.0867
0
-1.00052
0
-3.55455
0
6.19358
0
-0.836365
0
-0.163915
0
0.59267
0
-3.81722
0
4.82074
0
-3.16542
0
0.0131969
0
-7.09842
0
1.47114
0
3.69952
0
-6.38337
0
0.197444
0
6.93819
0
1.75486
0
-3.48295
0
-1.24203
0
-1.49008
0
9.5836
0
-2.30351
0
1.18625
0
3.38362
0
0.347625
0
2.20804
0
3.64461
0
-0.830535
0
-5.35402
0
-2.14665
0
-0.184826
0
5.76418
0
-7.19938
0
1.92722
0
1.64957
0
-10.7749
0
-0.18873
0
2.13671
0
-5.23575
0
6.13656
0
0.136943
0
-2.17165
0
6.44898
0
-2.33347
0
1.00735
0
-9.50211
0
-3.50788
0
7.0692
0
-10.4423
0
6.03032
0
-5.2045
0
7.88507
0
0.868688
0
-6.68859
0
4.52703
0
0.0486166
0
-4.35234
0
3.19
0
1.67211
0
-3.1476
0
0.0951972
0
-1.74207
0
0.638666
0
-1.49389
0
3.0608
0
-10.6259
0
-1.21382
0
2.02206
0
0.406804
0
0.373309
0
3.18515
0
-6.81847
0
6.40784
0
-9.691
0
-0.503579
0
-0.214341
0
-2.97456
0
4.27737
0
-7.33749
0
4.48699
0
-8.67411
0
5.84286
0
0.0331874
0
1.98079
0
4.13742
0
-5.79114
0
4.14506
0
-3.7967
0
0.375262
0
-5.17123
0
4.17019
0
-7.44412
0
-2.23014
0
-9.33024
0
4.60309
0
-0.908236
0
-5.62214
0
3.35753
0
-1.85204
0
-1.26373
0
1.16179
0
-0.337499
0
-0.277562
0
-2.31735
0
2.01914
0
3.80216
0
-8.4423
0
-3.62386
0
1.4476
0
-4.65146
0
9.25307
0
-9.89952
0
-0.831551
0
5.42435
0
1.38031
0
-0.871336
0
-4.12231
0
1.28407
0
-6.29567
0
1.84868
0
-3.98552
0
7.99758
0
-4.82998
0
2.33377
0
-4.85361
0
-0.0483531
0
0.172306
0
0.219289
0
3.22009
0
-10.0411
0
1.51418
0
-0.80887
0
-7.02278
0
6.68272
0
-4.47486
0
3.59724
0
0.0885212
0
-2.97517
0
-0.435961
0
0.137722
0
-0.916511
0
-0.342051
0
-0.935748
0
-0.279761
0
-7.51302
3.48509
0
0.418876
0
-1.82483
0
4.68578
0
0
-7.92599
7.07422
0
-0.873995
0
0.987826
0
-3.3805
0
2.48104
0
-3.56671
0
-4.78127
0
4.29993
0
-0.115295
0
-3.64005
0
8.23093
0
-9.31504
0
3.8429
0
-4.39767
0
8.02137
0
-0.792909
0
1.01786
0
-3.10918
0
-0.479256
0
-0.753481
0
-5.50825
0
4.03517
0
-5.43325
0
4.58794
0
4.43536
0
-9.38264
0
3.94802
0
0.673361
0
3.5763
0
-4.97725
0
4.21427
0
-8.5458
0
1.12825
0
9.6876
0
-4.34797
0
-0.172031
0
0.113804
0
-1.72136
0
5.16407
0
-8.04724
0
4.96399
0
3.19605
0
0.512666
0
-4.08876
0
-0.690439
0
3.25402
0
-9.09544
0
1.9296
0
0.978201
0
1.24129
0
4.46346
0
-5.16847
0
-0.501771
0
2.16022
0
0.833743
0
1.35999
0
-0.504254
0
1.23078
0
3.80029
0
-3.68938
0
-2.44815
0
6.85951
0
4.40667
0
-8.96344
0
7.22701
0
-10.1329
0
7.09487
0
-6.48447
0
2.25917
0
0.0790768
0
-0.378151
0
1.26465
0
-1.17401
0
-4.76321
0
-3.12905
0
-0.659222
0
4.94692
0
-3.29677
0
5.47144
0
-6.59428
0
-0.510728
0
5.49859
0
5.5431
0
-2.42202
0
-4.91129
0
2.61812
0
-1.86164
0
10.9019
0
-6.55024
0
4.67168
0
-0.367204
0
-3.51474
0
-0.654041
0
1.76725
0
-6.44818
0
3.33133
0
6.1482
0
-7.5264
0
2.73976
0
0.276078
0
-3.53445
0
1.53958
0
-4.08724
0
6.73634
0
-1.44627
0
-2.20887
0
-0.0882747
0
9.71007
0
-3.83449
0
-6.21954
0
7.63281
0
-5.7735
0
-0.884254
0
2.10323
0
-6.64115
0
3.28062
0
-0.669405
0
1.97548
0
6.84415
0
-1.66535
0
-1.284
0
2.01167
0
2.08951
0
-2.5711
0
-6.63823
0
4.05463
0
8.99506
0
2.30249
0
5.67845
0
-4.13099
0
-6.24303
0
7.13257
0
-4.33546
0
1.75554
0
2.53378
0
-6.18717
0
-2.00344
0
-1.49489
0
0.214969
0
1.53062
0
-0.881598
0
1.42757
0
4.00649
0
-1.65992
0
3.62455
0
-1.84387
0
3.52589
0
-2.9012
0
4.20043
0
-1.85118
0
1.1974
0
-4.76214
0
6.38765
0
-4.94215
0
-0.0375804
0
4.90807
0
10.0668
0
-3.84157
0
2.92996
0
-10.8101
0
0.75448
0
-0.540867
0
-1.61475
0
4.4477
0
-3.28495
0
1.80032
0
-4.18785
0
-0.0244528
0
5.30152
0
-0.500234
0
-0.0203607
0
2.21737
0
-6.12242
0
-3.96807
0
3.15404
0
5.05314
0
0.917899
0
-5.46761
0
6.25635
0
-7.07757
0
2.73007
0
2.46092
0
1.10648
0
-0.666473
0
-4.93189
0
8.12898
0
-10.5052
0
1.60146
0
-1.33886
0
9.82592
0
-0.435452
0
-3.87456
0
-0.0511101
0
5.03729
0
-2.94814
0
-7.29861
0
4.95047
0
0.15858
0
5.04168
0
2.06131
0
-6.02933
0
0.45734
0
-0.610051
0
-1.32494
0
11.4912
0
-6.90535
0
3.74146
0
5.59306
0
1.84126
0
0.0337121
0
-2.79679
0
-6.68656
0
3.37727
0
0.501584
0
-7.33454
0
8.58927
0
-10.2071
0
6.03057
0
-1.42421
0
-4.73847
0
2.51916
0
0.0665575
0
-3.22951
0
-2.13153
0
1.98614
0
-5.86853
0
-1.02828
0
9.06628
0
-4.58017
0
1.19454
0
5.71452
0
-2.41212
0
0.501463
0
1.87398
0
-5.37913
0
1.02673
0
4.30495
0
-2.3549
0
7.47626
0
-5.65219
0
8.90029
0
-4.90037
0
4.93932
0
5.0491
0
-3.49155
0
0.328352
0
6.16947
0
-5.63972
0
5.71623
0
-0.703
0
-0.905159
0
8.77385
0
1.35553
0
-5.90831
0
7.77408
0
-2.57096
0
0.162231
0
-2.25292
0
0.231181
0
-0.912204
0
3.15897
0
3.74776
0
0.000741482
0
-2.70982
0
3.2201
0
5.41133
0
-9.03932
0
-1.13614
0
8.84106
0
-1.59809
0
-3.84185
0
-0.280401
0
-1.25478
0
0.955218
0
-2.02631
0
1.42287
0
4.12206
0
-0.156646
0
0.0898659
0
-2.79425
0
2.92082
0
-5.40942
0
-1.30516
0
1.08055
0
9.57666
0
-5.37497
0
2.37411
0
-5.3862
0
4.51249
0
-0.232181
0
-0.455717
0
2.09966
0
-3.92395
0
7.64009
0
-4.61827
0
2.93469
0
1.75124
0
4.19083
0
-3.84497
0
3.94417
0
-0.806621
0
-3.08557
0
0.594295
0
0.055547
0
0.818351
0
-4.95718
0
6.04376
0
-3.69292
0
2.65213
0
7.18286
0
-0.0617996
0
0.719315
0
-5.01404
0
-0.970012
0
4.94377
0
-4.00277
0
2.21312
0
6.62539
0
-1.20505
0
0.970758
0
-4.09041
0
4.80908
0
1.16825
0
0.198331
0
-3.30299
0
5.51878
0
0.0102527
0
0.224468
0
4.22119
0
-3.16297
0
-5.00791
0
5.22168
0
4.08584
0
-3.2648
0
-4.5432
0
6.06463
0
3.85872
0
-4.04793
0
-3.60911
0
9.45065
0
-8.38264
0
9.34478
0
-8.54392
0
7.95931
0
-0.853929
0
-0.681862
0
0.329858
0
0.319861
0
-3.90235
0
-4.66773
0
0.487424
0
0.734303
0
2.11304
0
11.0399
0
-10.0171
0
-0.749399
0
1.45394
0
6.08539
0
4.30755
0
-4.2074
0
-4.33824
0
1.19491
0
10.3522
0
-8.61383
0
9.02138
0
-9.97298
0
4.59043
0
4.05288
0
-0.32728
0
-0.54401
0
-2.73349
0
5.69692
0
-9.32222
0
-0.698394
0
1.18244
0
6.02011
0
3.03038
0
-4.43466
0
-3.85914
0
6.17396
0
-4.10555
0
5.08278
0
5.46841
0
-8.32138
0
4.42507
0
4.14755
0
-8.88154
0
7.09689
0
-0.546933
0
-7.49011
0
7.16449
0
-1.13578
0
-3.48715
0
1.21194
0
3.23645
0
-3.42239
0
-2.68049
0
8.62036
0
0.321482
0
-6.81553
0
9.2964
0
-3.50876
0
-0.481848
0
0.235772
0
3.67486
0
-0.345433
0
-4.39792
0
2.58427
0
1.64825
0
-7.89587
0
4.50516
0
0.306271
0
-4.42305
0
5.57891
0
-0.0131187
0
0.191967
0
-5.75076
0
4.69832
0
4.49642
0
-4.03848
0
-1.14413
0
0.588308
0
-5.30526
0
4.33035
0
3.89626
0
-4.24196
0
-5.13169
0
8.70121
0
-9.85391
0
3.74834
0
4.32401
0
-4.25968
0
3.38087
0
0.691324
0
-8.1472
0
7.34452
0
-5.37765
0
-5.15439
0
4.88095
0
3.66691
0
0.354769
0
-8.57352
0
4.63733
0
4.355
0
-8.89054
0
4.6488
0
4.09972
0
-9.08125
0
6.64903
0
-3.61079
0
5.05364
0
-3.43082
0
3.40493
0
-3.27098
0
0.975901
0
2.7443
0
-4.48555
0
-4.6094
0
4.45301
0
-5.3639
0
7.83861
0
-9.38052
0
6.59635
0
-4.98311
0
-0.505472
0
4.055
0
-0.168415
0
0.914234
0
-9.01345
0
2.45132
0
-5.16097
0
0.302128
0
6.27336
0
0.600817
0
-0.117045
0
-1.16465
0
-3.63034
0
7.92297
0
-4.75261
0
-5.67878
0
4.15193
0
0.916098
0
1.12475
0
5.01281
0
-7.96934
0
3.76842
0
-0.261287
0
-0.216472
0
2.26902
0
-0.279726
0
-3.78325
0
3.18032
0
-3.93351
0
0.386504
0
0.258556
0
-0.0863227
0
-4.48636
0
4.27872
0
-0.907818
0
-0.407025
0
-5.55483
0
7.91428
0
-5.70297
0
2.11655
0
0.605069
0
-3.35897
0
4.27513
0
-3.33319
0
-5.33877
0
4.73044
0
-0.269551
0
-0.3786
0
-5.12522
0
4.59144
0
-0.237215
0
-5.63951
0
-0.142047
0
9.70309
0
-10.0327
0
4.15329
0
-4.94569
0
5.01522
0
3.20695
0
-3.49445
0
0.367144
0
0.377448
0
4.52319
0
-9.49338
0
4.23179
0
-5.61201
0
0.539211
0
8.79889
0
-0.546089
0
-4.05654
0
-5.16451
0
4.50698
0
0.457165
0
-0.526427
0
-4.20455
0
5.27475
0
3.12563
0
-0.0680904
0
-2.54851
0
3.95466
0
-9.3712
0
3.601
0
-4.39161
0
5.53293
0
2.89981
0
-0.399649
0
-3.41651
0
-0.0117682
0
-5.46728
0
4.15282
0
-0.0598021
0
-5.45344
0
0.57241
0
9.17124
0
-4.42325
0
-0.876421
0
-0.182525
0
-0.954065
0
3.41457
0
-3.55
0
-0.196673
0
-0.275044
0
4.12528
0
-3.53195
0
-0.304175
0
3.40602
0
-0.0394299
0
-3.38407
0
-4.87628
0
4.48075
0
-4.71642
0
4.66773
0
-3.8114
0
5.3726
0
0.1145
0
-0.152068
0
0.45552
0
4.77726
0
-9.99437
0
-1.32474
0
0.57357
0
1.69308
0
9.01257
0
-4.9529
0
-4.86701
0
0.293319
0
5.74734
0
0.62651
0
4.23254
0
-9.41223
0
-0.239716
0
9.08343
0
-4.43656
0
4.2066
0
-4.49343
0
0.00614834
0
-0.574581
0
-0.500388
0
0.427377
0
3.34345
0
-0.608505
0
-3.21398
0
-4.46052
0
0.398242
0
5.05981
0
-5.37584
0
8.94529
0
-9.74921
0
3.431
0
0.120255
0
-0.0364221
0
3.9975
0
-4.58519
0
0.52242
0
-4.44893
0
5.24085
0
-4.71304
0
4.98468
0
1.10842
0
-4.96793
0
4.54301
0
3.99897
0
-3.96318
0
0.433039
0
4.95047
0
-7.80011
0
8.71215
0
-4.00761
0
0.17667
0
3.74816
0
-1.3521
0
0.875989
0
-2.374
0
-0.74999
0
0.403201
0
-5.29622
0
3.96055
0
0.812119
0
0.987789
0
0.0707641
0
-4.71633
0
4.72109
0
-0.891187
0
3.38962
0
-3.1287
0
5.06292
0
-4.13702
0
3.98716
0
-8.36587
0
3.7366
0
4.0233
0
-3.72492
0
-0.845999
0
3.82137
0
-8.06333
0
8.82647
0
-9.24335
0
4.56987
0
-0.379496
0
3.51974
0
-0.0888393
0
-4.03246
0
0.167388
0
0.792631
0
-5.39587
0
-0.646976
0
4.78335
0
0.107136
0
-0.303757
0
-0.336092
0
-0.719092
0
-0.235819
0
3.72472
0
-3.30193
0
1.07542
0
-0.152133
0
0.568226
0
-4.42686
0
7.45244
0
-0.974242
0
0.30245
0
-3.0469
0
4.43997
0
-4.36775
0
-5.48151
0
0.53841
0
5.44008
0
1.15583
0
4.43106
0
-8.73693
0
4.07233
0
-4.78435
0
0.627482
0
8.73378
0
-4.53551
0
0.0836957
0
-0.277897
0
-0.410013
0
-0.91669
0
-1.22176
0
-4.76082
0
4.96917
0
3.95409
0
-3.94636
0
0.397697
0
-4.90938
0
8.38574
0
-9.44322
0
6.88687
0
-4.38496
0
3.94678
0
-0.997244
0
0.0769582
0
-3.3048
0
-0.25235
0
-0.349089
0
-5.59489
0
0.199179
0
5.57947
0
-4.76873
0
5.57636
0
-4.6298
0
3.77267
0
1.0481
0
-4.67229
0
3.83773
0
-0.101578
0
0.14547
0
-3.40256
0
9.86973
0
-9.48458
0
-0.883138
0
5.76479
0
-0.0149012
0
3.8375
0
-3.78204
0
-4.94727
0
5.2153
0
-0.292665
0
-4.11834
0
9.16449
0
-4.96553
0
-0.557517
0
0.434694
0
2.92874
0
0.983672
0
-8.46068
0
4.42998
0
-0.0123162
0
0.223646
0
-0.488681
0
0.260576
0
3.09757
0
-4.479
0
0.813392
0
3.79107
0
-3.80811
0
0.524942
0
2.29792
0
0.0114222
0
-7.3129
0
3.31511
0
-4.19015
0
4.88263
0
-0.755017
0
4.09371
0
-3.11574
0
-1.05713
0
-0.124025
0
4.1563
0
-3.84221
0
-5.63152
0
-0.118073
0
6.08309
0
-0.311655
0
-4.65953
0
4.95576
0
-5.41894
0
5.20984
0
-4.11052
0
9.10953
0
-4.6076
0
-0.146582
0
-0.0956086
0
-0.460869
0
4.5002
0
-8.83294
0
-1.06451
0
0.990091
0
5.76447
0
0.69472
0
0.155182
0
-5.92781
0
-0.0174794
0
4.69062
0
-0.532571
0
4.42085
0
-8.7464
0
3.64756
0
0.0441598
0
4.31931
0
-3.3466
0
-0.725046
0
-0.426435
0
0.359011
0
0.0330884
0
0.890227
0
0.472216
0
-0.473081
0
0.319626
0
-5.72148
0
3.9242
0
3.49799
0
-0.432212
0
0.824323
0
-7.67854
0
8.43718
0
-9.71303
0
-0.816595
0
5.41931
0
3.91702
0
-0.658818
0
-4.10867
0
-4.09433
0
9.48867
0
-9.9273
0
-0.11015
0
9.60469
0
-5.16639
0
3.35406
0
-4.11635
0
-0.452111
0
4.3919
0
-3.37043
0
-5.31449
0
7.56847
0
-0.895581
0
-2.57759
0
-5.3518
0
7.9869
0
-4.71129
0
-0.12279
0
-3.72241
0
7.97226
0
-3.80294
0
3.41031
0
-3.72461
0
4.28085
0
-3.92002
0
0.493993
0
-0.229729
0
-0.108528
0
0.326513
0
-0.269846
0
-5.69397
0
-0.468702
0
0.824971
0
0.414214
0
5.85066
0
-5.10312
0
-0.203605
0
0.308872
0
1.29473
0
5.49372
0
-0.422551
0
-4.86467
0
0.0801392
0
5.64885
0
-4.48509
0
4.27273
0
-5.39219
0
0.527448
0
5.33729
0
-0.148954
0
0.0710264
0
-0.0356255
0
-0.370582
0
-5.45294
0
-0.798537
0
0.588885
0
5.61533
0
0.709345
0
0.0890099
0
-4.70116
0
1.02079
0
8.9814
0
-4.58533
0
0.727861
0
-4.41064
0
4.85929
0
0.986519
0
2.79631
0
-4.06717
0
1.18517
0
3.94311
0
-4.01072
0
-0.147655
0
-0.381124
0
-4.5991
0
4.70523
0
-0.110787
0
-5.16676
0
4.99888
0
0.244377
0
-5.19961
0
3.87385
0
-4.12416
0
4.85191
0
-4.71823
0
4.84595
0
0.426653
0
4.24539
0
-4.20242
0
0.0576513
0
-5.03071
0
-0.1575
0
9.56712
0
-10.238
0
-0.365161
0
5.3422
0
0.0490398
0
3.44641
0
-3.48053
0
0.578095
0
-0.598603
0
4.56522
0
-7.59007
0
7.98487
0
-4.73028
0
-0.0676081
0
-0.0108093
0
3.68263
0
-2.78212
0
4.07267
0
-4.51679
0
-0.201876
0
-4.56917
0
4.66657
0
0.081592
0
2.79375
0
-3.75127
0
4.39907
0
-9.22804
0
-0.310721
0
5.31354
0
0.752671
0
3.32335
0
-4.15189
0
0.124056
0
-5.32644
0
0.308328
0
5.81095
0
3.61167
0
-4.79956
0
0.2179
0
0.391184
0
-5.56985
0
4.57332
0
-0.379272
0
-0.448216
0
0.251533
0
3.64716
0
-9.63423
0
2.87251
0
3.0272
0
-3.31709
0
3.17505
0
-4.07736
0
5.61222
0
-9.16603
0
4.39565
0
-0.463411
0
0.523904
0
2.81262
0
0.421108
0
-8.49594
0
-1.18972
0
0.290768
0
5.60307
0
0.22647
0
-0.145382
0
-4.29743
0
6.1734
0
-0.670522
0
3.47556
0
0.768235
0
-7.42036
0
4.99271
0
0.0876002
0
-5.1012
0
4.56615
0
4.88608
0
-3.14165
0
-0.469723
0
0.542466
0
3.71274
0
-3.71606
0
-0.575676
0
0.100428
0
-5.0608
0
9.57698
0
-10.7901
0
2.79142
0
4.47606
0
-4.03547
0
3.22567
0
-3.1534
0
4.69943
0
-4.35567
0
-0.646268
0
-4.0092
0
5.31116
0
4.0246
0
-9.01906
0
-0.157402
0
9.89938
0
-9.21564
0
8.17827
0
-4.58382
0
0.292593
0
3.43876
0
-0.220429
0
-3.09218
0
3.29947
0
0.79403
0
-8.41899
0
-0.0835468
0
4.96338
0
-1.03362
0
1.39616
0
-0.669336
0
0.694419
0
-4.78853
0
5.02094
0
3.70776
0
-0.24665
0
-3.41032
0
0.806463
0
4.46391
0
-9.89824
0
-0.529608
0
5.54133
0
-3.7115
0
8.16384
0
-4.32723
0
0.682498
0
0.58796
0
0.379752
0
0.949419
0
3.62772
0
-4.20667
0
-4.50321
0
4.99884
0
0.357038
0
0.403553
0
4.21095
0
-8.13193
0
7.89807
0
-4.17202
0
-4.35202
0
8.33994
0
-0.462209
0
-2.94559
0
3.869
0
-3.93569
0
-0.37576
0
-4.94966
0
5.49299
0
4.15236
0
-3.99112
0
3.40717
0
-2.65448
0
-4.3277
0
8.32731
0
-4.47707
0
-0.422462
0
-4.75851
0
7.07548
0
0.172318
0
-8.34241
0
-0.184629
0
9.16382
0
-4.91594
0
0.266943
0
0.373668
0
-0.354656
0
0.821473
0
2.5552
0
-1.36128
0
0.233121
0
0.49538
0
-3.16932
0
-0.381224
0
-5.78244
0
-0.307409
0
0.966576
0
5.80781
0
-0.127315
0
-5.21526
0
0.0038079
0
5.78621
0
-0.0899137
0
0.35415
0
-0.897244
0
-4.35852
0
5.421
0
0.0148797
0
0.155209
0
-0.629336
0
0.318743
0
0.585091
0
3.51261
0
-0.328603
0
-3.41107
0
-4.94101
0
5.37872
0
-4.78009
0
0.976137
0
9.70815
0
-9.51526
0
3.92181
0
0.403941
0
-0.41076
0
3.50963
0
0.922573
0
-9.0375
0
3.71413
0
5.18653
0
-8.89231
0
4.42665
0
0.94005
0
4.13918
0
-4.2219
0
0.0703292
0
2.82107
0
-4.15028
0
4.71022
0
-3.85187
0
-0.0464954
0
-0.616197
0
0.0534881
0
4.81888
0
-3.99962
0
-0.905145
0
-5.39212
0
1.02893
0
9.6173
0
-5.34795
0
4.10114
0
-8.78487
0
3.63906
0
5.19125
0
-3.72454
0
-0.359068
0
0.48462
0
4.12109
0
-5.0408
0
-5.14889
0
5.28464
0
1.20855
0
4.23104
0
-8.63333
0
4.6418
0
2.81713
0
-4.11393
0
3.88727
0
0.440506
0
-7.74652
0
4.87605
0
-0.467238
0
-0.432786
0
-0.151451
0
4.90767
0
-9.25226
0
-0.70981
0
5.12623
0
4.27567
0
-3.41142
0
-0.995929
0
-4.2324
0
9.2376
0
-4.75804
0
-0.0620221
0
3.90713
0
-4.17844
0
4.11857
0
-8.32357
0
4.22362
0
-0.624717
0
0.735994
0
-0.445654
0
-0.435859
0
-0.365455
0
-5.12382
0
0.562597
0
5.49984
0
0.936203
0
-0.665118
0
-5.41649
0
0.59296
0
8.66505
0
-0.756743
0
-3.77308
0
-0.0648599
0
0.216715
0
-0.252297
0
-4.91654
0
4.46357
0
-0.390357
0
3.09676
0
0.222902
0
-3.67894
0
0.28974
0
5.31173
0
-8.87411
0
3.9932
0
-4.65753
0
4.23397
0
-0.0194726
0
0.10661
0
-0.478662
0
-0.055079
0
-0.526401
0
-0.0992389
0
-0.85316
0
-5.96102
0
-0.140857
0
5.60356
0
3.56396
0
0.650281
0
-8.52496
0
0.126226
0
10.2536
0
-9.54805
0
4.4124
0
0.283948
0
-0.996603
0
3.43682
0
-3.56078
0
3.0729
0
-1.043
0
0.977278
0
-7.72164
0
4.17739
0
-0.144457
0
-4.8405
0
4.62201
0
4.35628
0
-7.82908
0
4.14603
0
-3.98489
0
9.25467
0
-4.65065
0
-0.112054
0
0.166596
0
2.90548
0
0.230291
0
-3.04985
0
-0.118357
0
-4.45934
0
5.21155
0
0.404376
0
-0.873311
0
4.45705
0
-3.35508
0
-0.604742
0
-0.455391
0
-0.128026
0
-0.21823
0
-4.71358
0
4.16104
0
3.68674
0
-3.88048
0
-4.41239
0
5.22205
0
4.65967
0
-8.29865
0
8.9802
0
-5.38586
0
-4.50853
0
7.8942
0
-0.985487
0
1.09207
0
-7.12145
0
7.36338
0
-4.24158
0
-4.58302
0
4.27538
0
3.90922
0
-3.41845
0
4.54767
0
-8.33078
0
9.05926
0
-9.36203
0
4.98296
0
3.02032
0
-0.427451
0
-0.366599
0
0.913998
0
-7.88645
0
4.26439
0
-5.54041
0
0.499146
0
6.39735
0
4.74218
0
-2.86258
0
-5.15667
0
0.707315
0
9.61788
0
-4.62951
0
-5.28855
0
5.04855
0
-0.0655684
0
5.4104
0
-8.79344
0
8.19691
0
-5.79633
0
3.81417
0
-3.30334
0
2.45668
0
0.194113
0
-3.2186
0
-1.1779
0
-0.410512
0
-5.13652
0
4.58644
0
-4.94377
0
-0.458787
0
1.07314
0
5.97116
0
-0.314199
0
-0.0621538
0
-4.57281
0
5.03775
0
-4.84209
0
-0.215616
0
5.0475
0
-4.15846
0
4.44258
0
-0.722073
0
-4.15184
0
5.94714
0
4.44805
0
-9.40928
0
3.92362
0
-0.0335791
0
-4.98525
0
7.9564
0
-5.67251
0
0.848097
0
-4.17984
0
8.40858
0
-5.57378
0
0.508791
0
-0.108514
0
-0.0299367
0
0.597445
0
0.1678
0
-0.624581
0
0.178378
0
-0.305892
0
0.636115
0
-0.617489
0
3.59024
0
0.136856
0
-0.131901
0
-0.139664
0
1.44574
0
-8.8308
0
-0.78837
0
-0.100965
0
0.808144
0
6.80982
0
-0.206573
0
-5.33856
0
0.716098
0
1.86095
0
8.44937
0
0.0550551
0
-8.92738
0
-0.554002
0
6.31761
0
-0.136689
0
0.223365
0
-0.089345
0
-4.92655
0
8.39589
0
-0.927213
0
0.199664
0
0.270307
0
-3.3834
0
0.0341854
0
-5.64773
0
0.829792
0
6.09119
0
-0.0323105
0
4.81199
0
-8.5995
0
0.210078
0
5.66696
0
-0.71382
0
0.170208
0
0.310304
0
-0.347521
0
0.363848
0
0.550256
0
-0.181144
0
3.59987
0
-3.96741
0
0.358095
0
3.55368
0
0.903017
0
-7.98996
0
7.535
0
0.0339863
0
-8.18906
0
3.82713
0
3.71764
0
-4.18908
0
0.739011
0
0.40439
0
4.44339
0
-8.38216
0
7.18769
0
-0.851672
0
-2.99597
0
3.36116
0
-0.424947
0
-3.31209
0
-4.67364
0
