0
0
0
0
0
0
0.145706
0.0944149
-0.247887
-0.128442
-0.845304
-0.606706
1.57326
0.774033
6.32539
4.38749
4.77
4.81833
1.47242
4.41531
-3.46912
1.96956
-2.30421
2.54369
-0.116689
3.60031
0.180986
3.77623
-0.304554
4.05688
-2.0382
3.37178
-3.66237
0.508648
-4.44108
-3.26167
-4.57029
-4.90338
-3.94184
-2.39066
-3.39564
1.89584
-3.45541
3.80261
-3.63218
1.42482
-2.85204
-1.84475
-0.301763
-3.0014
2.63033
-1.64734
3.41545
-0.491335
2.45341
-1.53086
0.790442
-3.47547
-1.25489
-4.77377
-3.59581
-4.06834
-5.37081
-2.1057
-6.2169
-1.04857
-5.39265
-1.85703
-3.40143
-3.53922
-0.561163
-3.83887
1.85278
-2.66772
2.70404
-2.25203
1.48625
-3.05059
-1.07931
-4.5026
-3.67259
-3.78814
-4.17009
-0.393072
-2.19001
2.67012
1.1461
3.61159
3.88875
1.81834
3.23815
-1.0102
0.0460693
-1.82248
-2.65804
-0.011536
-2.8893
3.10695
-0.873466
5.70402
0.454054
6.11941
-0.92288
5.28795
-3.28816
3.97034
-5.03423
2.55857
-5.64258
1.85396
-5.5506
1.68812
-5.11899
0.665487
-3.97683
-1.32903
-2.10043
-3.15358
0.488674
-3.04819
2.69409
-1.45961
3.14981
-0.828937
1.93327
-1.65203
1.40449
-2.40511
1.79191
-0.231067
2.58014
3.28303
3.03252
5.25734
3.63712
4.10259
5.03995
1.43071
4.45973
-1.10507
1.18903
-1.5055
-1.42575
0.542742
-0.696102
2.78287
2.7007
3.4059
5.60894
1.47941
4.92336
-1.18803
1.45268
-2.04495
-2.00259
-1.0709
-4.30224
1.18477
-4.69308
2.33987
-3.63092
0.867804
-0.826291
-1.33469
2.79077
-1.91852
5.57723
-1.11723
6.26317
-0.0585114
5.93092
-0.0820138
5.86125
-0.803369
6.1103
-0.866557
5.78034
0.454433
4.59024
2.68685
3.37623
4.40199
2.93201
4.722
2.84761
4.64388
1.40398
4.22971
-0.29555
1.73181
0.301199
-1.21791
2.34626
-1.49453
3.99797
1.24331
4.50265
3.28808
4.9766
2.15578
5.58283
1.0185
3.55245
1.63289
-0.138285
2.89613
-3.35673
2.18665
-3.85215
-0.723829
-1.08726
-2.93807
2.55778
-3.86279
4.12644
-4.3176
1.97428
-3.50654
-0.653085
-1.35311
-1.03771
1.659
0.785614
3.84221
2.13503
3.76454
2.20007
3.36093
1.81494
3.47087
2.02381
3.64844
2.99806
2.45109
4.33935
0.53341
4.98128
-0.269512
4.33889
0.907426
2.9595
3.34791
0.414571
3.8797
-1.64675
0.968167
-1.21898
-2.32626
0.815676
-2.69239
2.96414
-0.00984716
3.81595
1.91057
2.67402
-0.250997
0.265151
-2.95095
-3.07538
-3.08288
-5.58562
-0.898492
-6.01936
0.521235
-5.15666
-1.01581
-2.50137
-3.13505
0.86473
-4.23663
2.43457
-4.61356
1.31265
-4.78004
0.349739
-5.15444
1.43016
-4.5859
3.65823
-3.10423
4.33844
-1.07624
3.02812
1.17164
1.15533
3.19348
0.347113
4.228
1.2504
2.81252
1.39536
-0.671858
-0.676599
-2.71011
-2.86225
-1.64162
-3.05354
1.68449
-0.854926
3.72443
1.40124
2.38267
2.60926
0.0666314
3.20306
-0.600582
2.81564
0.866196
1.37746
3.48363
-1.19904
4.38883
-3.69065
2.33939
-4.70199
-0.947872
-4.02712
-3.76754
-3.30174
-4.86544
-4.24856
-3.3932
-4.34981
-0.250059
-2.15526
1.85759
1.01393
1.54824
3.0283
-0.525586
3.1245
-1.93699
3.11997
-2.01437
3.47538
-1.68622
3.4202
-0.335256
2.72487
2.12772
1.52408
4.52104
-0.494043
5.52168
-2.77176
5.01519
-4.97521
3.9326
-5.66026
1.41265
-3.37327
-0.827289
-0.314407
-0.571094
1.6946
1.94681
2.51121
4.03653
2.89314
3.07951
3.64151
0.426727
2.87301
-1.65516
0.399878
-2.55992
-1.99764
-2.95595
-2.95759
-2.98431
-1.16384
-2.62719
1.68132
-2.23744
2.66933
-2.2528
0.39443
-1.56953
-3.18816
-0.0946838
-5.15488
2.24872
-3.63242
4.63181
-0.782342
5.85474
0.127813
6.02302
-1.3003
5.32152
-2.34366
4.8486
-0.422636
3.77937
2.96824
2.1069
5.04558
-0.0152323
5.25924
-1.1633
5.17524
-1.43279
3.69608
-2.26314
0.527137
-1.83001
-1.2872
0.475069
0.0232109
2.41041
3.06003
2.01278
5.05217
-0.603033
5.45407
-2.06143
5.30619
-0.557755
3.56489
2.12139
0.254722
4.16279
-3.05934
4.29542
-4.01133
1.82023
-1.69807
-1.10686
1.74825
-2.96817
4.84209
-2.85117
5.7459
-0.619598
4.75415
1.7979
3.63386
3.74641
3.08528
4.74301
3.0715
4.82866
3.10891
4.65942
3.08605
4.43845
3.13102
4.33594
3.16942
4.44018
3.40485
4.3781
4.1251
2.89468
5.31929
0.482237
5.71222
-0.264077
3.24468
0.836499
0.159875
0.729707
-0.184414
-1.1887
1.96302
-1.78691
2.81664
0.160878
0.678206
0.937678
-2.29792
-1.42805
-3.41797
-3.25091
-1.9365
-1.0517
0.137972
2.7489
0.733925
4.44683
-0.355751
1.92771
-0.511553
-1.55799
1.51035
-2.32812
2.64994
-0.326667
0.799675
2.16587
-1.39936
3.1646
-0.606596
3.30497
2.06696
3.62864
4.20696
2.07191
5.24062
-0.829182
5.33284
-1.6251
3.04474
-0.20208
-0.308619
0.134612
-3.08059
-1.86676
-4.2813
-3.56934
-2.98666
-1.89592
-0.891138
1.28149
1.98568
2.84906
3.96264
1.36045
2.78003
-1.63704
0.229836
-4.35443
-0.986363
-5.77714
0.141416
-5.38928
1.43881
-5.16125
0.147536
-4.99759
-2.59522
-5.14185
-4.23288
-4.941
-4.14104
-4.79737
-3.45072
-5.01925
-3.50052
-5.17549
-4.41109
-3.77741
-3.7902
-0.828747
-1.31962
0.552804
0.0642401
-0.984273
-0.979041
-4.28722
-2.16509
-5.93837
-0.893294
-3.72632
0.0119174
-0.448945
-1.78224
0.699514
-4.71658
-0.809848
-5.36186
-3.86276
-2.88115
-5.17155
-0.143807
-3.14747
1.75204
-0.0102032
2.79939
1.48484
3.14344
0.201198
3.29569
-0.917274
1.31634
0.39237
-1.86287
2.61109
-4.56331
3.38233
-5.47852
2.87176
-5.57047
2.64589
-5.60849
3.26557
-4.1647
4.06469
-1.15805
3.14771
0.457907
0.404896
-0.655366
-2.51923
-3.62524
-3.86913
-4.99338
-3.88596
-3.07985
-3.9293
-0.154173
-2.2741
0.70268
0.93651
-1.12996
3.86974
-4.15771
4.68472
-5.66711
2.82269
-5.46739
0.291267
-4.85538
-2.05619
-3.05092
-3.41781
-0.432689
-3.36174
2.09428
-2.60907
3.22809
-0.792756
2.71248
1.756
1.92511
4.17558
2.00137
5.27081
2.88079
4.13886
3.75138
1.76242
3.79828
-0.891292
2.24025
-2.74223
-0.173957
-3.33986
-2.61121
-2.91205
-4.04453
-0.909344
-4.3211
1.53909
-4.14549
2.11218
-3.76859
0.636414
-3.75394
-0.516163
-3.82891
0.735021
-3.62679
3.43051
-2.09906
5.2797
0.185815
5.73689
2.78093
5.74385
4.55905
3.91974
3.43362
0.749293
0.402227
-0.359244
-1.17109
1.35204
0.51054
3.11389
3.71794
2.12144
4.92852
-0.965958
3.30673
-2.87787
0.714097
-2.8281
-1.72528
-2.41184
-3.07097
-2.57765
-1.37324
-3.13107
1.78152
-2.12328
2.93057
0.679131
1.12389
3.4115
-2.19186
4.34062
-3.48991
4.06565
-1.74101
4.13586
0.925051
4.37705
2.15902
4.58368
1.10939
4.49198
-1.23093
4.22692
-2.75152
2.7249
-2.93139
0.337595
-2.34194
-2.0714
-0.231504
-3.67242
2.4007
-4.30866
3.00164
-4.59176
1.01792
-2.92503
-0.465486
0.0283249
0.540143
2.90943
3.53068
3.67626
5.35619
1.78561
5.58071
-0.873718
5.19307
-3.47564
3.33474
-5.0749
0.438643
-3.72766
-2.14669
-0.862816
-3.6569
0.668763
-3.51067
-0.701629
-3.10266
-3.58781
-2.83288
-4.76471
-2.94039
-3.27616
-2.90725
-0.596974
-2.86432
1.63809
-2.85026
2.37
-2.92449
2.32884
-1.49759
2.2368
1.30884
0.763392
3.83514
-1.8506
5.02154
-3.30602
4.84001
-2.23326
4.71954
-1.08442
4.63904
-2.03049
4.66561
-2.65761
3.15585
-0.832791
0.405472
1.70915
-2.66027
2.64935
-4.07425
2.38742
-2.30741
2.50472
0.611329
1.03906
1.17502
-1.84848
-0.826871
-3.01145
-2.36233
-1.09241
-0.938007
1.66917
2.2263
2.39117
3.64379
1.70048
2.34572
1.75521
-0.211933
2.35001
-3.12632
2.53545
-5.15755
0.927883
-4.26027
-1.73561
-1.19155
-2.98159
1.97022
-1.85369
3.1501
0.844735
1.13305
2.64005
-1.7083
3.04486
-2.76057
3.25022
-1.31917
2.85251
1.3288
2.13989
2.60015
1.86007
1.3186
2.37509
-1.3464
3.12667
-3.94512
3.39815
-5.17194
3.60706
-3.66024
3.82782
-0.798319
2.2875
-0.0398248
-0.746948
-1.60088
-3.60627
-3.01298
-4.8023
-2.01692
-4.44063
-0.911505
-4.29562
-1.86448
-4.02684
-2.97186
-4.10469
-1.95375
-4.22818
0.405013
-4.10974
2.11708
-2.16411
3.01111
0.535536
3.42349
1.27034
1.57007
-0.302046
-1.65991
-0.713828
-2.57874
1.09706
-0.841152
2.13412
0.750288
0.25867
-0.782712
-2.67986
-4.19044
-3.2813
-5.71987
-1.07561
-3.86583
1.49029
-0.455465
3.70106
0.942508
5.0773
-1.06659
3.55208
-2.89555
0.571935
-1.64638
-1.23085
1.61862
-0.253371
3.34526
2.62514
3.09394
4.15474
2.89972
4.29642
3.16204
4.0626
3.35864
2.5258
3.30606
0.0718462
3.48426
-0.947269
2.57628
0.896123
0.66403
3.92446
-1.99738
5.66519
-4.05059
4.09116
-3.1455
1.05073
-0.323868
-0.249794
2.93078
0.654816
4.50574
1.46999
2.52212
0.381857
-0.715884
-1.47867
-3.63703
-1.82882
-4.77766
-1.08572
-4.68307
-0.878815
-4.2976
-1.22568
-2.61333
-1.97463
0.0287471
-2.80626
1.29596
-3.24962
0.00359893
-2.65876
-2.73441
-1.71115
-4.24422
-1.49821
-2.66805
-2.27655
0.581184
-1.74925
2.13299
0.786364
1.36253
4.2719
0.646313
5.83302
1.86591
3.59225
2.43005
0.31521
0.616294
-2.06239
-1.29596
-3.07566
-0.20969
-3.31924
2.62057
-3.59151
4.6658
-2.17175
5.37334
0.0935152
5.46262
0.608602
5.0474
-0.897266
5.03501
-1.79296
5.4546
-0.544461
5.88892
0.333989
4.16118
-0.782683
0.992616
-2.67902
-2.27383
-2.90762
-3.26566
-0.529334
-0.752532
1.67708
2.59635
1.27161
3.1588
-0.886555
1.03939
-1.62853
-0.169427
0.223315
1.67558
2.39055
4.68849
2.69224
5.78098
1.71249
5.6158
1.23603
5.3498
1.41253
3.85897
2.32573
0.918478
2.10955
-0.612398
-0.248074
0.616955
-2.43237
3.73889
-2.53715
5.73101
0.0123588
4.26263
2.34873
0.966585
1.86386
-0.994706
-0.891249
-0.573792
-4.38003
2.14715
-6.43498
4.44084
-4.87648
4.14608
-1.22304
2.03963
1.95425
-0.461235
3.48381
-1.6612
3.31858
-1.83469
2.88502
-2.62352
1.87734
-3.60473
-0.18874
-4.19492
-2.27573
-4.11874
-3.4306
-4.11539
-3.50488
-4.54461
-3.15467
-4.88202
-3.39891
-3.73357
-4.21321
-0.793531
-3.89921
2.43985
-2.40661
3.95153
-1.72507
3.55097
-3.13088
3.35844
-4.13698
2.14315
-1.9137
-0.337296
0.481848
-2.29616
-0.310593
-1.93676
-3.37195
0.585061
-5.60504
1.8691
-5.97776
-0.117773
-5.40602
-2.58003
-3.1299
-2.42499
-0.279024
0.302416
1.89107
2.09829
2.62092
-0.225522
1.83527
-4.07738
0.560316
-6.13167
-1.56195
-4.99715
-3.52456
-2.61543
-4.65786
-0.334305
-5.22793
1.61213
-4.1178
2.70316
-1.94931
2.94421
-0.958249
1.95746
-1.94434
0.76788
-3.80368
0.374334
-4.56129
0.359671
-4.42631
-0.729306
-4.0317
-3.05553
-3.32586
-5.53847
-2.0985
-6.1
0.514313
-3.73035
2.55545
-0.638956
2.10248
1.64214
-0.592762
2.41036
-2.22588
1.43891
0.0256803
0.0179934
3.79669
-0.721583
5.82944
0.170944
4.7552
2.38912
3.03992
3.64152
2.43568
2.60373
3.44969
0.511672
4.96421
-0.523958
5.53122
0.362114
4.85839
2.79962
3.4994
3.79837
1.20675
1.51216
-0.676544
-2.02419
-1.60647
-3.63059
-2.18408
-2.39793
-2.83491
-1.55119
-3.29154
-2.04663
-1.10696
-1.7743
2.24209
0.726095
4.20799
3.60846
4.10382
4.71031
3.45201
5.00224
3.2256
4.67995
1.63028
2.37133
-0.424583
-0.591372
-0.0799003
-2.44206
2.49141
-2.81683
4.48104
-3.17533
3.534
-4.3824
1.06335
-3.71047
-1.06937
-0.445007
-1.44334
3.3492
-0.533022
5.51486
1.36406
4.32325
3.51153
1.97493
5.04858
1.49863
5.33361
2.52422
2.95061
3.44644
-0.736707
2.95764
-3.60193
2.0264
-4.24147
2.23065
-3.63287
3.01444
-3.51513
3.03538
-3.94491
1.39155
-3.8352
-0.706733
-1.65192
-1.57351
1.56485
-0.759761
4.46226
-0.0189017
5.57244
-1.14594
4.27343
-1.38822
0.879023
0.824543
-1.57321
3.13906
-0.895906
3.15398
2.20912
1.0485
4.59171
-0.115549
4.81619
-0.0544738
4.45483
-0.728561
3.6707
-2.29712
1.99584
-3.62471
-0.284435
-2.77223
-2.71379
0.211534
-3.59874
3.74614
-2.84752
6.11335
-0.74702
5.33696
1.74086
1.92474
2.22382
-1.62976
1.29188
-3.32496
0.533675
-2.15512
1.05071
-0.372444
2.65264
0.429164
3.56511
0.384533
3.51486
0.209366
3.47051
0.271604
3.52369
-0.132332
3.66442
-0.188279
4.09807
1.24046
3.57261
2.7834
0.753465
3.51944
-3.10566
3.75642
-4.89418
2.99412
-2.5206
0.718493
0.101469
-1.3011
-0.575171
-0.738328
-2.62016
1.70982
-2.18447
2.43705
0.812989
0.265822
3.40729
-1.30665
3.69045
-0.00256741
2.7004
2.7058
1.62958
3.5846
1.48588
1.17816
0.951647
-1.43253
-0.901478
-1.04433
-2.95129
2.03902
-3.60167
4.43383
-1.68147
3.46784
0.920116
1.20334
2.75543
0.491061
3.19132
0.911305
0.587811
1.56798
-3.25717
2.00588
-5.0984
1.53938
-2.7458
0.634632
1.08266
-1.2933
3.81552
-2.71613
4.51765
-1.49757
3.5632
0.461365
0.927606
1.41247
-2.52407
0.518893
-5.08883
-1.82698
-5.06006
-3.8825
-3.12126
-5.41012
-1.14216
-5.92427
-0.523626
-5.08362
-1.85259
-3.44459
-3.63526
-1.83944
-4.7649
-0.979657
-4.88604
-0.72315
-4.86115
-0.88918
-4.92532
-2.18276
-4.22071
-4.37661
-2.80095
-5.26474
-2.46575
-4.21332
-3.34284
-3.44482
-3.73612
-4.4155
-2.87453
-5.08471
-2.4424
-2.857
-2.31258
-0.121323
-0.513338
0.956059
3.11284
1.10509
5.1558
0.98474
2.22348
-0.378743
-1.10638
-2.28738
-0.83008
-2.22973
1.61419
-0.202762
1.70986
1.34124
-1.2808
1.57881
-3.36133
2.22049
-2.19527
2.73374
-1.17959
2.04958
-2.10326
1.55947
-2.81873
1.28679
-0.384269
0.0388179
2.40789
-1.50094
2.22735
-2.31295
-0.887864
-2.5316
-2.91274
-2.48132
-0.441505
-1.06327
2.44954
1.00555
2.34624
0.722142
0.373921
-2.44976
-1.23183
-4.38162
-1.47355
-1.65352
-1.05224
2.39769
-0.747139
4.2202
-0.760062
3.31019
-1.62526
2.83496
-2.41076
2.76491
-0.26429
1.5473
2.56965
-1.24055
3.6767
-3.2578
3.46108
-2.47848
3.83828
-0.2198
5.39938
2.51457
5.1487
3.62182
2.11436
2.0682
-0.5137
-1.21633
-1.3729
-3.04545
-1.39015
-2.01479
-2.23449
-1.12486
-2.95574
-1.18858
-0.822194
-1.20786
2.77054
0.228107
5.3925
1.48554
5.74519
0.357043
4.54428
-2.03924
3.08888
-2.84598
2.9539
-0.297068
2.91603
2.79282
1.44335
3.6644
-1.63556
1.90549
-4.51676
0.668553
-5.22764
1.98657
-4.15049
4.40797
-2.6898
5.26458
-2.20694
2.84495
-2.06972
-0.94397
-2.00027
-3.19789
-1.97664
-2.49588
-2.89192
-0.292948
-4.69566
2.45774
-4.78486
4.72609
-3.23965
5.31716
-2.72245
2.77853
-3.0184
-1.06214
-3.24109
-3.70958
-1.91875
-3.31937
0.714862
-0.387757
1.947
2.99488
1.67651
5.57814
-0.197152
5.32006
-2.93934
2.29895
-4.14934
-1.3067
-3.65842
-3.6742
-2.05957
-4.12423
-0.806601
-3.95644
-0.64211
-4.07921
-0.779404
-4.18186
-0.690921
-4.20195
-0.717312
-4.36794
-0.760255
-4.51775
-0.640339
-4.58123
-0.264033
-4.77358
-0.362202
-4.12486
-2.17098
-1.38192
-3.66521
1.36796
-2.48567
0.995256
-0.198971
-1.23806
-0.360534
-1.37244
-2.46481
0.603766
-2.42851
0.706024
-0.33171
-1.83908
-0.117048
-3.75602
-3.16125
-2.67285
-6.32441
0.357494
-6.30891
1.92094
-3.06274
0.406971
-0.130341
-1.96674
-0.243455
-1.69804
-2.27151
0.691704
-2.53285
1.3077
-0.322373
-1.47157
1.24389
-4.53406
0.428689
-5.39544
-0.533421
-5.51704
-0.633041
-4.87174
-1.77443
-2.04014
-3.13598
0.707526
-2.24794
0.443005
-0.0850582
-2.23841
0.462911
-4.06794
-2.05246
-2.77658
-5.16089
0.201491
-5.41035
1.77815
-2.65453
1.85248
1.00737
0.518087
4.17696
-2.12211
4.38597
-3.61085
1.32436
-2.61133
-1.87939
0.313896
-3.25825
3.18164
-2.18779
3.86407
-0.848884
3.40904
-0.698029
3.1658
-0.807917
3.02279
-0.843919
3.01897
-1.00806
3.00569
-0.761929
2.59162
0.828767
1.57981
3.22767
0.0925101
5.37392
-2.23771
5.47217
-3.77099
2.55113
-2.7209
-0.413239
-0.562639
-0.477767
-0.277816
1.71124
-2.20765
2.11665
-4.05725
-0.664524
-4.35068
-2.9792
-4.32706
-1.65475
-5.08709
1.29394
-5.75224
2.47215
-5.20109
0.666552
-2.57133
-1.22568
0.397886
-0.473818
0.616415
1.87907
-2.16892
3.95224
-4.06174
4.53794
-1.77199
3.57247
2.16145
2.50092
4.20397
2.00645
3.37241
3.02068
1.38489
5.2963
-1.08954
5.79402
-2.69261
2.96819
-3.39629
-0.697121
-3.69949
-2.6913
-4.14026
-1.5029
-4.98372
1.14563
-4.08332
3.5809
-0.968239
3.9545
2.20869
2.57966
4.27919
0.506169
4.76444
-0.567658
4.88793
-0.795003
3.83067
-1.65686
0.873318
-2.1356
-2.40704
-1.0967
-4.2841
0.973696
-4.39956
2.28025
-4.2167
2.60308
-4.57296
2.30116
-4.19178
0.788523
-1.68551
-1.23457
1.82095
-2.15437
4.69619
-1.61975
5.73756
-0.94594
5.91634
-0.884995
5.36555
0.506015
2.72403
2.35605
-0.503219
2.08846
-2.25488
-0.61055
-1.84808
-3.46771
-0.997186
-4.45559
-0.562498
-4.41652
1.04891
-4.09017
3.29195
-1.94918
4.49441
1.44036
3.68381
4.48577
1.29603
5.21222
-0.99372
4.08279
-2.94899
2.44951
-3.36594
-0.0981075
-1.23991
-2.41624
2.15014
-3.47098
5.04003
-3.10305
5.92886
-2.02045
5.65374
-1.75157
5.2893
-2.23
4.26866
-3.42154
2.2143
-4.7093
0.0102007
-5.51405
-1.28613
-5.5701
-1.73206
-5.46585
-1.50462
-5.82826
0.233924
-5.46862
2.38033
-2.91408
2.13751
0.119382
-0.2516
2.01894
-1.85995
2.51578
-0.679432
2.85345
0.0842598
3.24087
-0.622963
0.906649
-0.536967
-2.65674
1.77795
-4.95428
4.6873
-4.30047
5.18716
-1.30368
4.12114
1.53001
3.61936
2.19035
2.59302
-0.153951
0.390172
-2.44394
-2.63235
-2.68238
-4.48633
-2.1086
-3.67582
-2.90348
-2.14493
-5.15353
-1.77089
-6.24573
-2.70063
-4.8755
-2.6527
-1.74754
-1.27969
1.39988
-0.793596
2.9687
-2.14958
2.57684
-3.11699
2.24384
-1.16422
1.17062
2.18562
-0.347732
4.05388
-1.06085
3.20577
-0.0344031
1.6298
2.35983
0.944003
3.59611
1.89292
2.01998
1.94597
-1.14313
-0.287434
-2.98427
-3.61165
-2.37145
-5.67016
0.363904
-4.39845
2.61465
-1.24699
2.21297
1.70487
0.56224
3.34782
-0.306995
3.01993
0.747532
1.84489
3.19257
-0.260468
4.38093
-2.73127
3.60749
-4.69585
2.66514
-5.50163
2.13751
-5.57921
2.09719
-5.50022
2.57969
-4.19341
3.28703
-1.2418
3.13153
1.93642
1.65914
3.59028
-0.681181
2.26696
-2.65543
-0.100526
-3.79716
-0.680902
-4.055
0.451155
-1.80623
0.524938
1.56241
-1.68766
3.9037
-4.65446
4.01475
-5.73349
3.03766
-5.56602
2.53631
-5.43644
2.89954
-4.1154
3.82714
-1.0313
3.41975
2.15757
1.66943
3.92118
0.451319
3.65277
1.50429
2.62581
4.41221
0.314
5.80313
-2.22504
3.88903
-2.53319
0.604637
-0.330721
-1.79541
2.88247
-1.85906
4.09297
-1.2767
2.498
-1.88288
-0.641879
-1.86441
-3.4163
-0.133458
-4.69994
2.52618
-4.77402
3.81958
-4.70821
2.4411
-4.59528
-0.0884866
-3.63185
-2.36099
-1.35561
-3.30016
1.23142
-2.53345
3.32079
-1.54986
4.08584
-1.25629
4.19488
-1.44612
4.23349
-0.238556
4.17138
2.18368
4.31205
3.42179
4.46996
1.99973
4.58156
-0.860372
2.98173
-2.99162
0.502511
-3.79243
-0.165508
-3.72778
1.15498
-1.49867
3.34339
1.5687
4.5934
2.73886
3.32605
0.764776
0.732894
-1.19862
-2.46545
-0.62272
-4.29231
2.26766
-2.85536
4.51136
0.595915
4.03235
3.74898
1.91485
5.19971
-0.796491
3.62472
-2.67142
1.25198
-3.41599
0.566363
-3.76297
1.87981
-3.4835
4.10912
-2.77748
5.06495
-2.05958
4.78864
-1.92464
4.57716
-2.19108
4.83144
-2.54527
4.95505
-3.09465
3.37285
-3.83917
0.473839
-2.97258
-0.669841
-0.284212
0.448775
3.15004
1.38689
4.97533
0.292032
2.68761
-0.229404
-0.77714
1.44356
-1.82869
2.56251
0.17985
0.856344
2.9912
-2.24532
3.33239
-3.50852
0.842801
-3.08016
-1.7208
-2.80452
-2.13391
-3.0188
-0.597929
-3.22178
-0.0242307
-1.59107
-1.49912
1.34442
-2.30063
3.4985
-0.407472
3.93831
2.81321
3.70672
3.86726
4.24701
1.68518
3.25392
-1.79432
0.509609
-3.16136
-1.07324
-1.51264
-0.186236
1.72499
1.11858
3.54229
0.0402657
3.22324
-2.54029
2.39795
-4.04788
0.521247
-4.3512
-1.98243
-4.04161
-4.55591
-1.9866
-5.8345
1.00216
-4.01805
3.58543
-0.773098
4.48763
0.860021
2.68835
-0.916912
0.0769225
-3.97193
-2.58406
-5.34887
-4.15129
-3.83891
-4.40551
-1.25943
-4.39879
0.922406
-4.45297
2.01929
-4.35011
2.31755
-3.15645
2.73398
-0.8974
3.18321
1.31212
3.18115
2.40919
3.12868
2.61034
2.88783
2.77878
1.32963
3.33289
-1.13741
3.45555
-1.91088
1.50428
-0.189352
-1.34857
2.46308
-2.45519
3.8529
-1.07815
4.04565
-0.0598599
4.07863
-1.54784
2.18969
-4.26127
-0.701348
-5.56142
-1.89145
-4.20614
-0.115272
-1.7731
2.84962
1.20378
4.15756
3.12634
2.16047
2.03622
-0.865999
-1.01456
-1.97385
-4.09082
-0.529151
-5.1511
2.46172
-3.37748
4.38061
-0.68573
4.54984
1.5502
4.38782
2.6352
4.13781
2.83443
3.95811
2.52915
4.25584
1.25283
4.54111
-1.24051
4.2939
-3.81741
3.74453
-4.73288
3.46502
-2.98003
3.93333
-0.356151
4.92485
0.319397
5.22694
-1.37698
3.1853
-2.14887
-0.0886265
-0.656357
-2.79469
0.528276
-3.81281
-0.77096
-3.31942
-1.82438
-3.09799
-0.400796
-3.03399
0.867732
-2.91659
-0.496398
-1.24335
-3.20092
1.13496
-4.60191
2.19989
-4.64045
0.998914
-4.81363
0.370888
-3.07277
1.98322
0.137914
2.65321
1.57626
0.802089
-0.0255752
-0.764579
-3.21132
0.51924
-4.30018
3.83687
-1.99921
5.53314
1.06115
4.01684
1.75025
1.22326
0.260639
-1.52949
-0.751981
-2.82236
1.01101
-1.30446
2.18679
1.29634
0.796246
3.80915
-1.96422
4.99931
-2.98436
4.96199
-2.72833
4.58347
-2.93979
2.96848
-3.39489
0.487088
-3.60857
-0.347181
-3.31704
0.869221
-3.26404
2.00437
-3.23453
0.865372
-3.05775
-2.00215
-1.29468
-3.83397
1.62038
-2.75419
4.44529
-0.119005
5.83549
0.731619
3.80494
-0.844886
0.578316
-1.46612
-0.447702
0.558241
1.41134
2.0719
4.15523
0.505853
4.88844
-2.6711
4.33049
-3.98976
4.02953
-4.07094
2.65804
-4.16443
0.11929
-4.62034
-0.684292
-4.93681
1.05977
-3.2133
2.48646
-0.210446
1.77012
3.00747
-0.936007
4.30206
-2.59232
2.33749
-1.41518
-0.801014
0.854358
-3.59461
1.86382
-4.9496
0.486503
-3.12266
-1.82265
-0.406266
-3.0289
1.0891
-2.78165
-0.151717
-2.95161
-2.65449
-2.98832
-4.06498
-2.77941
-4.30194
-2.80801
-3.96327
-3.06879
-2.61754
-3.27021
-0.247868
-2.73833
2.42326
-0.477326
3.61744
2.11164
1.74008
4.07291
-1.44685
5.13464
-2.77328
3.61978
-0.924009
0.741147
0.588791
-2.48084
-0.418752
-4.17166
-1.86687
-3.51981
-0.924349
-2.61802
1.38537
-2.37448
2.60075
-2.37405
2.70321
-1.04307
2.55986
1.29939
2.23994
2.0393
2.0324
0.516243
2.28098
-0.490339
2.62706
0.527562
1.04608
2.66259
-1.77814
3.67945
-3.17349
2.13201
-1.45308
-0.178989
1.67852
-1.04479
3.35808
0.131664
1.19954
0.745529
-2.0315
-1.06599
-3.04275
-3.86
-0.928775
-4.42626
2.42419
-2.30473
3.7756
0.186621
3.2059
2.1817
2.11929
2.90254
-0.0505805
2.70735
-2.54428
2.65927
-3.05039
1.53433
-0.729216
-0.517442
2.36799
-3.13461
3.87569
-4.26932
3.79913
-3.00756
3.59078
-0.653976
3.57014
1.70376
2.88216
2.61874
0.630634
0.898961
-1.91971
-2.28745
-3.43458
-5.2584
-3.19477
-6.12828
-2.51951
-4.34161
-3.02681
-1.71044
-3.98566
-0.735924
-4.41587
-2.01576
-3.69291
-4.42226
-2.82305
-5.56519
-1.8632
-5.57619
-1.32224
-5.21371
-1.49091
-3.83272
-2.38939
-1.62766
-3.67601
-0.946056
-4.15925
-2.03812
-1.85508
-1.969
1.27448
0.261799
3.97466
1.88564
5.0012
-0.142009
3.58198
-2.24048
0.955299
-1.93998
-2.3258
-0.917644
-4.08493
-1.38024
-1.83363
-3.14761
1.63719
-4.35171
3.21168
-4.83337
1.98915
-5.09187
0.915846
-4.6078
2.00948
-4.13174
2.90834
-4.27112
1.67766
-4.60748
0.511173
-4.18218
1.61702
-2.86665
4.3921
-0.210387
5.51632
2.25548
3.24181
1.85407
0.133187
-0.482049
-0.35961
-1.07234
1.42156
0.960053
1.81484
1.831
-0.124628
-0.213541
-1.1271
-2.56307
0.975859
-2.41707
4.18191
-1.68699
5.42335
-2.6253
3.75662
-2.35155
0.487455
0.214205
-0.939409
1.96591
0.78442
0.756271
2.76456
-1.43144
1.50058
-1.3121
-2.08192
1.34707
-4.30578
3.73466
-3.19472
4.92365
-0.92529
5.57009
1.57737
4.13228
3.77769
0.771586
3.55175
-0.994844
0.995253
0.251419
-1.1571
3.41263
-0.842705
5.42489
1.75667
5.538
3.12391
5.18926
1.47285
4.42624
-1.24798
3.32855
-3.6115
3.06308
-4.59848
4.01782
-3.27188
4.13715
-0.170984
2.70465
3.12549
0.283853
4.82122
-1.66142
3.31085
-2.59381
0.921832
-2.87537
0.331844
-2.43307
1.65081
-2.17092
2.42817
-2.34382
0.851771
-2.92032
-1.60946
-3.11246
-2.82078
-3.14869
-2.86758
-3.57049
-2.59978
-3.46063
-0.910694
-0.875533
1.14612
2.2579
0.584298
2.66423
-1.79146
0.389882
-2.57087
-2.28917
-0.159966
-3.32488
1.54363
-2.10348
-0.487896
0.152546
-2.88099
3.43315
-2.90662
5.54668
-0.554923
3.99862
1.66228
0.411118
1.33648
-1.53401
-1.17224
-1.33091
-4.33731
-0.690564
-6.01403
-1.61203
-5.37191
-2.66047
-5.02788
-1.46289
-5.30768
0.6555
-5.85841
1.61203
-6.15225
1.60222
-6.03859
2.25104
-4.76648
3.76825
-2.56169
4.32772
-1.92361
1.69977
-2.67031
-1.59367
-2.33451
-2.05113
-0.358239
0.606521
1.92115
2.42816
2.63969
0.213171
1.51399
-3.72735
0.336945
-5.54696
0.153365
-3.12066
0.666588
0.693166
1.76627
2.24863
2.44603
-0.201696
1.68634
-3.96743
0.726994
-5.7528
0.136176
-4.80146
1.08608
-3.06366
3.31499
-0.949164
4.0744
1.00316
3.06251
2.51174
1.47631
2.84112
-0.499978
2.20887
-2.54452
1.12759
-4.40679
-0.949945
-4.59156
-3.07773
-1.99731
-4.2007
1.59986
-3.67058
4.47836
-1.4192
5.07706
0.915033
4.05199
2.83786
2.54524
3.39305
0.280389
2.41519
-2.10368
1.06343
-3.88046
0.173525
-4.49712
0.00321109
-4.14563
0.383579
-3.84677
0.453323
-3.85825
-0.766517
-3.61219
-3.08551
-2.75413
-5.18594
-1.26097
-5.24081
1.33153
-3.99128
4.01393
-3.78948
4.68582
-3.35202
2.15731
-1.40718
-0.309533
0.631789
0.472459
1.1482
3.75854
0.59571
5.85084
1.4489
5.05631
3.92428
3.23905
4.52531
0.88285
1.7053
-0.674221
-2.23777
-1.27706
-3.96601
-1.47615
-1.46077
-0.700541
2.6603
-0.0563035
4.64045
-0.0289404
2.50869
-0.508297
-1.15476
-1.0654
-3.93325
-0.614906
-4.89324
-0.0169011
-4.78616
0.203947
-4.28038
1.42273
-3.18033
3.59038
-1.45946
5.44832
0.844015
5.65379
3.01667
4.2936
4.78292
2.67524
5.64449
2.06359
4.49568
3.05322
1.1894
3.5133
-2.57185
2.83886
-4.55915
2.28922
-3.58191
3.29259
-1.32087
5.18443
1.2911
5.33371
3.52501
3.97151
4.22244
3.27807
3.02263
3.79333
0.769175
4.98591
-0.201234
5.76927
1.25706
5.06669
3.29965
2.52071
4.29272
-1.08175
3.32681
-4.14451
0.539973
-4.38164
-1.30988
-1.57797
-0.275524
1.25344
2.8582
2.64696
5.13944
2.83977
3.96476
3.24021
1.46187
4.50221
0.12726
5.01803
0.268612
4.83119
0.790051
4.76441
0.549974
4.70235
-0.803513
3.51846
-2.66186
1.65712
-3.37946
1.05226
-0.843657
1.09784
3.01707
1.52687
4.83902
2.15317
2.29132
1.78666
-0.651798
0.0605844
-0.357655
-1.96341
2.86506
-3.00763
4.75454
-3.00029
2.3851
-3.30476
-1.5083
-3.92369
-4.18438
-2.90562
-3.8787
-0.252378
-2.40015
2.07028
-2.04147
2.49834
-1.93573
-0.0705736
-1.69866
-3.78875
-1.59878
-5.70122
-2.46663
-4.5657
-4.20009
-2.69468
-5.12644
-1.90997
-5.24531
-1.79265
-4.39583
-0.800388
-1.6388
0.607079
1.98586
1.15352
4.90596
-0.0326131
4.67951
-2.51492
1.26094
-3.96575
-2.7547
-4.11214
-4.49836
-4.05734
-2.06319
-3.67612
1.74348
-2.97857
4.22931
-1.66666
4.5636
-0.392851
4.11019
-0.370298
3.96196
-0.486655
3.99908
-0.342515
4.25319
-0.538905
3.76317
-1.76313
2.19593
-3.41952
-0.0321438
-5.05875
-1.13438
-5.94531
0.0784154
-4.93704
1.14681
-1.9049
-0.363159
0.683897
-2.38032
0.209975
-1.79036
-1.67
1.34208
-2.80995
3.11075
-2.76033
1.78271
-3.36464
0.636577
-4.18853
1.40596
-3.37652
3.10003
-1.25256
2.92957
1.32983
-0.0691771
2.32333
-2.56135
0.768916
-3.4225
-2.43625
-3.66755
-3.94627
-3.58925
-1.24631
-2.21989
1.64723
0.109098
1.34289
1.23561
-1.63357
-0.409836
-4.38694
-1.69591
-5.00335
-0.243046
-3.99581
2.07283
-2.39831
2.78994
-1.80501
1.58447
-2.70798
0.91638
-3.47651
1.05654
-1.26147
1.31514
2.59647
0.261906
5.55496
-2.05257
5.39449
-4.04123
3.81734
-4.3882
3.49758
-1.85321
3.46913
0.903788
1.94599
0.732649
-0.353996
-2.00636
-1.49564
-4.57466
-0.384727
-5.12027
0.738899
-5.07982
0.976181
-4.16261
2.08573
-1.11545
3.06705
2.76693
3.19404
4.72771
3.28149
2.41881
3.59011
-1.58177
3.88495
-4.78585
2.74103
-4.69814
0.239452
-1.4841
-1.22732
2.4036
-1.12151
5.31083
0.18352
6.03916
1.19014
5.04806
-0.0463265
3.28496
-2.07449
1.19175
-3.58843
-0.165795
-3.89258
-0.349511
-3.6119
0.00691522
-3.60245
0.0348131
-3.72646
0.203176
-3.91564
1.52858
-3.20733
3.53847
-1.89809
4.2831
-1.55805
3.35504
-2.43685
3.05817
-3.1715
3.25483
-0.805867
1.96483
1.87614
-0.176737
1.67996
-0.194057
-0.548602
2.88515
-2.38794
4.7922
-2.81187
2.24795
-1.98204
-0.625566
-0.081694
-0.102244
1.58254
3.51884
2.11352
5.74966
1.95096
3.52388
1.97083
0.447787
1.0103
-1.13744
-1.79114
-1.4468
-3.71588
-2.22381
-2.6705
-2.82465
-1.74602
-0.477425
-1.74987
3.30696
-2.23775
5.07359
-2.9084
4.04813
-3.78463
3.33298
-4.46919
4.28473
-3.82428
4.85078
-3.42957
2.51433
-3.12608
-0.130827
-1.59717
-1.10165
1.40024
0.625737
4.12111
3.09552
3.43576
3.48078
0.00198555
1.3531
-2.37027
-0.616234
-1.66093
0.33131
0.239368
3.57015
0.846219
5.5657
0.381334
4.26699
1.03621
2.37792
2.72262
1.56701
3.47473
1.36186
3.33041
-0.101327
2.38847
-1.94195
-0.304913
-1.49933
-3.05843
1.26398
-4.41854
3.12433
-4.57538
1.02858
-3.70001
-2.81306
-2.94183
-4.55993
-2.95774
-2.24087
-3.5886
1.55143
-4.32656
4.37544
-3.38242
4.46986
-0.767033
3.08314
1.48074
2.5485
2.32844
3.21701
1.30494
4.32985
-0.98455
3.77582
-3.29066
1.5415
-4.73566
-0.687052
-5.51647
-1.56478
-5.86181
-1.84828
-6.06673
-2.91477
-5.02816
-3.27168
-2.08963
-1.34572
0.502678
2.09198
0.801148
4.35636
-1.46924
3.35263
-4.06595
0.923576
-5.58374
0.251404
-5.71592
0.92067
-3.39306
1.75968
0.236652
1.00894
3.2564
-1.3741
3.91779
-3.56915
2.57429
-5.414
0.946004
-6.3995
0.343835
-5.40138
1.40081
-2.31136
2.12826
1.12071
1.16321
3.50801
-0.73189
4.01695
-1.63793
3.61856
-1.48987
2.27766
-2.25638
0.245347
-3.73513
-0.60285
-4.58848
0.514929
-3.58277
2.48286
-2.1516
3.59138
-1.48098
3.97576
-1.31612
3.49344
-0.0155367
1.0364
1.63437
-2.61488
2.9072
-4.16447
3.57242
-1.82665
2.91373
0.559758
0.794415
0.715394
-2.53558
0.162768
-4.40525
0.754265
-2.34748
1.7628
1.4393
1.31786
4.62072
0.533687
5.65935
1.39893
4.24118
2.91445
2.15823
3.51544
1.56208
2.93601
2.81179
2.61229
3.96465
2.98486
2.83872
3.77878
0.252754
4.31244
-0.937276
3.90672
0.698064
3.27825
3.59765
3.25892
4.34246
2.36426
1.74385
0.129542
-0.454728
-1.54142
0.432256
-0.505586
2.35483
2.94184
2.64264
4.91384
2.19502
4.3172
3.28231
3.76491
4.05282
2.60651
2.01678
1.1925
-1.47615
0.820812
-3.03431
1.65964
-0.844637
1.41053
1.95513
-1.17765
3.78777
-2.79735
4.57954
-0.567027
3.60527
2.06498
1.30841
2.168
-1.87173
-0.102105
-3.80904
-2.19774
-2.55762
-3.21867
-0.27023
-3.54264
0.125784
-2.978
-1.067
-2.74142
-1.76022
-3.23422
-0.460514
-3.88408
0.564308
-3.15491
-0.647702
-1.45719
-3.27376
-0.643405
-4.6082
-1.45225
-3.01643
-1.35665
0.498389
1.13117
2.20349
3.03734
0.680617
1.93227
-1.12339
-0.0982185
-0.309814
0.617936
1.4698
4.08951
1.34122
6.33587
0.317915
5.82885
1.22773
4.22131
3.7263
1.55074
4.65762
-0.504898
2.08216
0.231461
-1.21825
2.61315
-1.96839
3.05875
-0.0811005
0.527524
2.4664
-1.31908
3.45011
0.798344
2.36564
4.08912
0.583542
5.83219
-1.72171
6.01717
-2.97937
5.61797
-1.40252
3.36051
0.473022
0.371724
0.099579
-2.03121
-2.33141
-2.8174
-4.05752
-2.81387
-2.72323
-3.33334
0.00880054
-3.7213
1.15264
-3.71423
-0.283696
-3.40745
-2.76074
-2.64515
-4.83143
-0.557829
-5.27517
1.86805
-4.75677
2.75112
-4.64106
0.696091
-3.81142
-2.58087
-2.56684
-4.46539
-1.9675
-4.09292
-2.89679
-3.83194
-3.84811
-4.24994
-2.69975
-4.81012
-0.0284654
-3.24199
1.99111
0.208262
1.62957
3.50504
-0.199155
4.96222
-2.74342
3.11697
-4.80499
-0.396836
-3.9586
-2.06574
-1.17848
-0.805935
0.766447
2.13765
0.0385575
3.78681
-2.60189
3.71
-3.98641
3.60068
-3.72183
3.73615
-3.25885
3.58985
-3.39481
3.7219
-3.4249
3.65297
-1.91488
1.85707
0.534692
-1.32999
2.64507
-4.68079
2.83484
-5.7766
0.325343
-3.30001
-2.23066
-0.25101
-2.01761
0.206471
0.177877
-2.04012
1.25431
-4.43159
-0.66136
-4.39449
-3.58208
-3.2296
-4.54479
-2.90338
-4.24613
-3.24884
-4.0991
-3.40365
-4.32978
-1.85695
-4.28796
0.305625
-2.30972
0.639236
0.803525
-1.4973
3.50986
-4.87302
3.93371
-6.10564
1.33081
-3.83019
-1.27946
-0.620926
-1.26644
0.466297
1.10839
-1.42325
3.81899
-4.52367
4.11301
-5.6104
1.86703
-4.7178
-0.652193
-3.81462
-2.56148
-3.61857
-3.24248
-3.48843
-3.33416
-1.86607
-3.18412
0.834804
-1.51023
2.41762
1.46525
2.22295
4.52214
1.62946
5.61414
2.30775
3.92618
3.57299
1.43215
4.03693
0.696245
2.16057
2.23037
-1.00377
4.12035
-3.68265
4.78581
-4.62706
4.21897
-4.39781
3.8324
-4.29063
2.26621
-4.34392
-0.249389
-4.49179
-1.02631
-3.25851
0.954156
-1.01861
3.64795
1.88887
4.95557
3.44657
4.92289
1.96935
4.87918
-0.727552
3.37756
-3.02088
0.539229
-3.97086
-0.998563
-2.42583
0.577624
0.0734858
3.32253
2.92971
4.6959
4.15557
4.57231
2.55577
4.60438
-0.308977
4.47409
-2.93249
3.96871
-3.76314
3.67912
-2.28951
3.99913
0.446299
4.32739
3.09766
4.14972
4.12744
3.88113
2.35651
4.03375
-0.27962
4.26897
-1.02705
4.47078
0.452722
4.50867
1.35803
4.57804
0.116964
4.25901
-0.651657
4.13812
0.578904
4.30089
1.47268
4.62173
0.244244
4.4823
-0.470211
4.33612
1.5128
2.43375
2.69357
-0.454107
1.02808
-1.52506
-0.422202
0.0702633
1.0337
1.18101
2.42057
-0.5224
0.932005
-2.03306
-0.666103
-0.50797
0.836925
0.892189
4.19567
-0.372088
5.80417
-1.46764
3.58508
0.183702
0.343632
1.10399
-0.662429
-0.607672
1.19448
-1.86732
2.401
-0.427175
0.709445
0.633051
-0.647379
-1.15058
0.634011
-4.05822
2.14308
-5.31148
1.09926
-5.32783
0.245367
-5.37309
1.59373
-3.32962
1.90276
-0.198748
-0.0452334
0.620251
-1.38969
-1.41465
0.3556
-2.65838
3.66557
-1.02353
5.17511
0.213147
3.18072
-1.55086
-0.132499
-2.77266
-3.62086
-1.24537
-5.21125
0.0791112
-2.85949
-1.35407
0.67731
-2.45089
1.7697
-0.790266
0.0300634
2.21242
-1.67432
3.61953
-0.584526
3.30807
0.484403
3.27266
-0.692398
3.10521
-1.56245
3.07535
-0.201271
3.20319
0.783521
3.56932
-0.737141
2.09545
-3.67858
-0.641597
-5.23382
-1.862
-3.24964
-0.448795
-0.110608
0.494591
0.832084
-0.888727
-1.01541
-1.88428
-2.38201
-0.330725
-0.627267
1.16488
2.51546
-0.113115
3.36975
-2.98265
1.09504
-4.19223
-1.64572
-4.18218
-2.08945
-4.18636
-0.185032
-2.61591
0.748684
0.0874656
-0.909053
1.35596
-2.54309
-0.223525
-1.34634
-2.96508
1.69111
-4.00903
2.99735
-3.86735
1.20671
-3.88698
-1.62347
-2.37305
-4.20332
0.453806
-5.41355
1.79162
-3.69096
0.180296
-0.54735
-1.21279
2.54296
-0.193596
3.46591
2.68455
1.60718
4.44573
-0.995817
4.53599
-3.21966
4.23277
-3.93546
4.05168
-2.34098
4.12074
0.19997
4.2296
1.23697
4.44745
-0.182139
4.42092
-2.68272
4.39062
-3.89256
4.37606
-2.33301
4.576
0.329147
4.81505
1.28574
4.86132
-0.0634084
4.80983
-0.931222
4.86204
0.326151
3.06861
1.06064
0.216216
-0.378429
-2.35754
-1.69195
-3.42522
-0.497821
-3.40969
0.359666
-3.4771
-1.066
-1.44844
-1.61437
1.49042
0.203609
2.47601
3.14875
0.969045
4.50995
-0.223808
4.67441
0.930926
4.99278
1.38062
3.17791
-0.308988
-0.0315824
-0.977901
-3.15213
0.827898
-4.44234
2.41095
-2.70723
0.903195
-0.127421
-2.20019
0.715875
-3.79487
-0.495816
-1.9508
-0.943003
1.09072
0.741764
3.93255
2.27791
5.14956
1.23186
5.03058
0.129024
5.00703
1.34669
4.61549
3.87956
3.64211
5.27439
1.47358
5.18096
-0.889548
5.2265
-1.31083
5.48614
0.171895
5.61575
0.834713
3.37615
-0.512436
0.213693
-1.12933
-1.02641
0.563301
0.619185
3.26201
3.95439
3.70398
5.52532
1.14485
3.48399
-1.58271
0.212374
-1.58427
-0.522534
0.739048
1.79339
3.51409
3.58902
4.39564
1.54303
2.64852
-1.81222
0.154227
-3.34769
-2.23115
-3.19347
-3.26639
-2.95253
-3.44459
-1.6267
-3.84765
1.3426
-3.15966
4.14322
-1.23307
5.37266
0.0362453
4.53895
-0.97256
3.60313
-3.47003
3.38324
-4.85113
3.9219
-3.46353
3.46715
-0.391866
1.55373
2.51259
-1.09101
3.81129
-2.2302
3.93595
-0.657003
3.54601
1.77706
1.52442
3.62113
-1.71209
4.5251
-3.5221
4.51272
-2.04911
4.65626
0.515685
4.60704
1.52618
4.56483
1.38834
3.58253
1.73948
1.28968
2.38912
-1.55931
2.80258
-2.98692
3.00652
-1.3974
3.07816
1.16548
1.18519
3.19084
-1.96691
3.86442
-3.49984
2.35034
-1.50279
0.547967
1.76667
0.0138867
3.37894
1.37408
2.75587
2.50902
2.51741
1.05593
2.80698
-1.81787
3.37544
-3.08441
3.56625
-1.6758
3.49072
0.772945
3.12914
3.32489
2.27084
4.15813
-0.222411
1.92545
-2.73775
-1.30136
-2.76863
-2.02506
-0.576744
0.174211
2.12752
1.71868
3.32252
0.430796
3.38837
-1.04808
3.61444
0.053738
2.98001
2.56297
1.78603
3.80586
1.4247
2.26117
2.35401
-0.912314
2.116
-4.24561
0.469028
-5.64024
-0.29546
-3.26286
0.623447
-0.145758
0.705065
0.215
-1.1664
-2.21566
-3.53071
-4.22827
-4.34036
-2.82297
-4.16996
-0.128409
-4.50601
0.704455
-4.58297
-1.16894
-3.95077
-3.79845
-3.32357
-4.32403
-3.30743
-1.97334
-2.23562
1.56087
-0.641611
3.2784
0.135711
1.24776
-0.531782
-2.03899
-2.08994
-3.63765
-3.02987
-2.69913
-3.4629
-1.97795
-3.81862
-2.90058
-1.90355
-4.30246
1.45935
-4.09838
4.56946
-1.88067
5.69489
0.764649
5.12082
3.10595
3.87412
3.73625
1.38752
1.32001
-0.723585
-1.88752
-0.508556
-3.70202
1.93915
-3.54442
4.75004
-2.95575
5.77189
-2.79331
5.693
-1.59337
5.51821
0.930823
4.87523
3.25375
3.90709
4.10898
3.35729
3.02123
4.13857
1.07893
5.46928
-1.27224
6.37496
-3.28626
4.98787
-3.1415
1.67332
-1.55148
-1.65547
-0.745739
-3.01406
-1.53225
-2.39878
-2.18793
-2.14855
-1.03663
-2.65311
-0.17187
-3.11678
-1.3319
-2.46159
-3.25038
-1.33334
-3.94788
-0.916067
-3.9841
-0.697715
-3.65806
0.89425
-1.19027
2.86516
1.98603
2.27873
2.46371
0.0932435
0.323723
-0.413664
-0.342103
1.51265
2.15947
3.82624
3.98941
4.41626
1.77201
3.48369
-1.92062
2.12589
-3.91843
-0.246585
-2.36235
-2.66756
1.2029
-2.47527
2.98915
-0.110624
1.55382
1.76828
-1.93416
1.79792
-3.9333
1.13244
-2.89919
2.07992
-1.32396
4.14085
-0.415492
5.21017
-0.159634
5.28928
-0.509186
5.23208
-1.53529
3.91196
-1.48486
0.50307
-0.383277
-3.12902
0.227001
-4.71304
-0.200024
-2.23167
-1.60967
1.5158
-2.60395
2.8964
-1.62642
0.471695
0.678549
-2.26871
3.78666
-2.36162
5.78137
-0.0272595
5.78667
1.32957
5.17945
0.0573393
4.40287
-2.38042
3.08122
-4.48169
0.69266
-4.8455
-1.61542
-3.99838
-2.49407
-3.68563
-1.35089
-4.38151
0.931767
-5.55113
3.08311
-4.77396
4.32604
-2.55789
4.776
-1.44972
4.28716
-2.44804
2.84577
-4.78331
0.2458
-5.43991
-1.90271
-2.96561
-1.53115
0.096998
1.0742
2.02191
4.22687
1.3318
4.55223
-1.32788
1.75033
-3.13591
-1.48515
-2.41825
-3.00766
0.30883
-2.19551
3.27183
-1.27038
4.13312
-2.22911
2.82169
-3.80851
0.632431
-4.86147
-1.29571
-5.15269
-2.01756
-4.94456
-2.06477
-4.06144
-2.85894
-2.26958
-4.25838
-0.251074
-5.23048
1.93381
-4.32047
3.4855
-2.39187
3.98628
-1.67678
3.25711
-2.76975
2.77252
-3.49697
1.84154
-1.53799
0.666502
1.99516
0.181737
3.89365
1.36983
3.17156
3.82653
1.18475
4.20075
-1.39256
0.9719
-2.78569
-2.23761
-1.4418
-2.5743
1.14726
0.220022
2.87163
3.56954
1.80208
4.09684
-0.916099
1.5998
-2.66746
-1.98699
-2.76232
-5.07111
-1.60128
-6.11725
-0.642315
-4.77612
-1.81794
-1.65381
-2.80274
1.52957
-2.28118
3.52088
-0.531147
3.73916
0.894282
3.62247
0.980013
3.85513
0.633569
3.90437
0.792453
3.02879
1.98239
1.28823
3.6518
-0.41082
4.78557
-1.17479
5.08084
-1.60596
5.10795
-2.84005
4.06731
-3.26779
0.965491
-1.59069
-1.51483
0.3304
-0.681063
0.850374
2.69948
0.614481
4.68217
1.59305
3.79564
2.44542
2.93548
0.536861
2.74666
-2.97094
2.52426
-5.40767
0.95003
-4.79451
-1.51527
-1.54913
-2.1387
2.31546
-1.41981
4.05898
-1.23548
1.7501
-1.35727
-1.38605
-0.527261
-2.64421
2.15015
-1.63258
5.01855
-0.476329
5.70389
-0.440836
5.50572
-0.696588
5.66973
-0.338944
5.90916
1.0795
5.26098
2.88237
4.09118
3.71263
3.61388
2.78358
4.3249
0.664436
5.74467
-1.99373
5.14264
-2.72903
1.953
-0.957864
-0.437415
1.08154
0.378102
1.8273
3.75391
1.89367
5.45991
1.99421
2.71586
1.14
-0.762852
-1.52673
-1.77856
-4.43696
-0.279609
-5.18223
0.879028
-3.73914
-0.507493
-0.287401
-1.70613
3.45819
-1.66147
5.09761
-1.67048
4.03682
-2.69656
3.19325
-3.75873
3.89171
-2.88838
5.24474
-0.685467
5.1217
1.75244
3.32037
3.5372
1.05499
4.96036
0.105003
5.71434
1.52373
4.73524
2.98813
1.54452
1.94116
-1.35194
-0.391506
-1.17869
-1.72124
1.96576
-0.495044
4.88638
2.06981
4.44561
4.05139
2.49472
4.87127
1.78052
4.02087
2.74593
1.86929
4.6527
-0.624401
4.64315
-1.78119
1.57036
-1.26895
-2.31266
0.448263
-5.28424
1.36633
-6.09962
-0.0980215
-4.96985
-1.43743
-1.99082
-0.278185
0.738323
2.56609
1.64466
5.02896
0.337598
5.44858
-1.04602
5.21846
-1.36424
5.23971
-0.915673
4.75042
0.355026
3.33491
2.26277
1.4106
3.73275
-0.813532
3.4981
-2.78481
1.81671
-4.37856
-0.386127
-4.05194
-2.88869
-1.3507
-3.69164
0.994716
-1.78929
1.82196
1.38639
1.79147
3.25611
2.53676
2.2293
4.18271
-0.059161
4.16396
-2.43865
2.2561
-4.36341
0.0150455
-5.72741
-0.939955
-6.00054
0.461628
-4.78723
2.96314
-3.3784
3.66322
-3.27022
1.09558
-3.60678
-2.87882
-3.52798
-5.61479
-1.90216
-5.12846
0.819751
-3.3747
2.62876
-2.96807
3.03077
-4.15197
2.19743
-4.86615
1.84866
-2.65173
1.8269
0.844327
1.28416
3.25986
-0.091581
3.77379
-0.856679
3.8784
-0.947593
2.86023
-2.19563
-0.191047
-3.092
-2.81169
-1.5577
-2.35348
0.973458
0.682691
1.82012
3.40244
0.0951785
4.05882
-0.941408
2.95729
0.654095
0.207404
2.63568
-3.34257
3.21005
-6.01146
1.79762
-5.83083
-1.03674
-2.91537
-2.93848
0.641587
-3.23538
3.36664
-1.65819
3.4962
1.08122
1.84411
3.31346
0.0836473
4.67251
-0.833699
5.09308
-0.83231
4.96957
-0.602066
4.98446
-0.572302
5.03503
-0.656014
4.92805
-0.931606
5.01037
-0.750773
5.15179
0.61111
4.41351
2.69365
3.03488
3.35268
2.84786
0.844023
2.99176
-1.87868
1.53164
-1.21738
-0.574951
1.10567
-0.360349
1.18178
1.88083
-1.20711
2.1519
-3.21948
-0.871447
-3.50202
-2.74819
-2.57878
-0.27558
-1.85237
3.85411
-1.91939
5.55505
-2.18163
2.65646
-1.23988
-0.564
0.687815
-0.50776
0.833662
1.79215
-1.78431
3.60589
-3.71793
3.81448
-2.42483
4.22858
0.315516
5.42489
2.98226
4.78868
4.75863
2.858
4.93806
2.30433
2.30146
2.73828
-0.628601
1.75902
-2.195
-1.1085
-2.59708
-3.01069
-2.1595
-0.921847
-1.42879
2.94007
0.577959
5.50253
3.09329
4.72325
3.55738
1.35929
2.71619
-2.14533
2.3656
-3.63428
3.18873
-2.85509
4.09672
-2.24497
2.98197
-2.76974
0.86138
-3.72719
-0.418746
-4.10876
-0.221792
-4.05172
0.388189
-4.32303
0.342043
-4.70045
-0.921451
-3.56061
-1.33124
-0.337717
0.375163
1.90275
2.41753
0.902373
3.11224
-2.70013
3.10832
-4.64834
3.16037
-2.09077
2.03361
1.10241
-0.331987
1.41787
-2.13746
-1.33738
-1.17496
-4.62232
1.52225
-4.92285
3.18779
-2.02736
3.59595
1.29939
3.7746
2.68637
4.3562
1.43918
4.90903
0.704167
2.94932
1.38106
-0.622915
2.21411
-3.47165
1.73567
-4.2071
0.537976
-4.1753
0.0740949
-4.39582
0.60006
-3.26821
2.01106
-0.385763
2.11684
2.01056
-0.113642
2.01066
-3.44073
0.000699282
-5.70994
-1.09199
-6.13424
0.534531
-5.38683
2.46377
-2.80433
2.01428
0.199685
-0.563477
1.94378
-3.54099
1.16632
-4.24463
-1.09483
-3.30258
-3.24172
-2.00217
-4.99687
-0.0475809
-5.47468
2.25621
-4.53738
4.1721
-3.0388
4.63088
-0.804704
3.24866
1.40712
1.59048
3.4011
0.843874
4.2215
1.67964
3.20424
3.25081
1.21339
4.3024
-1.16731
3.61707
-3.2512
1.48539
-4.58622
-1.05018
-5.45207
-3.34053
-4.42611
-4.7966
-2.38146
-4.95908
-1.66271
-4.17277
-2.70086
-3.86647
-3.76882
-4.64192
-2.67448
-5.48944
-0.0875128
-4.60058
2.22216
-2.51933
3.62766
-0.250378
4.54074
1.92064
3.34832
1.85058
-0.118928
-0.619928
-2.11728
-2.85589
-0.990279
-2.18433
1.31992
1.07266
1.55165
3.37553
-0.820852
2.67375
-3.20301
0.392374
-4.23853
-2.06966
-4.7725
-3.22663
-4.94933
-1.61253
-4.29935
0.659279
-1.73338
0.686909
1.31606
-1.67391
3.0555
-4.73963
2.55621
-5.56292
1.8605
-3.89799
2.73325
-1.61303
4.11528
-0.86759
4.56391
-2.24125
3.97943
-4.53922
2.74004
-5.38525
0.587385
-4.61497
-1.86388
-3.2279
-3.8546
-0.714242
-4.21019
1.81917
-3.54795
2.34778
-3.50941
-0.0740108
-2.66659
-2.39751
-0.195802
-2.28121
3.18434
0.0269428
5.45915
2.23322
4.54406
3.22151
2.16986
3.78358
-0.539874
2.57515
-2.57983
-0.647471
-2.22066
-3.92434
-0.489473
-5.49103
0.466465
-4.48038
-0.698035
-2.96576
-2.97427
-2.44542
-3.99253
-3.22186
-2.67006
-4.13698
-0.231169
-4.48678
1.88007
-4.45962
2.81414
-4.38627
3.14441
-3.01304
3.87687
0.12087
3.5466
3.50327
1.90787
5.01195
0.943041
4.39549
1.73853
3.95985
2.39018
4.44594
1.33647
4.89088
0.750517
3.02057
1.88194
-0.342173
3.16552
-3.49065
2.84017
-4.5445
2.22797
-2.74011
3.12403
0.734292
2.84226
2.31636
0.346755
0.936828
-1.50845
-1.03798
-0.389867
-0.598475
2.67787
2.21052
4.38541
3.6742
4.27257
2.22698
4.07669
-0.546053
4.0811
-3.13165
3.37355
-3.66359
1.03571
-1.03241
-1.44219
2.38941
-1.68217
4.51933
0.529901
4.05669
3.63271
1.42157
4.75308
-1.03089
4.06989
-1.68544
3.63839
-0.0450881
3.44902
2.49491
3.70368
3.52543
3.86918
1.94665
3.92966
-0.58703
3.52708
-2.73025
2.59336
-3.51234
2.24378
-1.84726
2.88418
1.16012
2.25488
2.42539
-0.477818
1.56438
-3.783
0.551808
-5.36106
1.54648
-4.83699
2.4446
-4.64245
1.19501
-5.03015
-0.0912107
-5.48023
0.866651
-5.07879
3.33963
-3.97916
4.49278
-1.69595
4.24871
0.956359
3.91042
1.49394
2.37162
-0.704348
-0.214675
-2.24924
-1.32224
-0.83275
0.146888
0.792388
1.91492
-0.356388
1.3832
-3.59289
-1.55281
-5.21681
-3.49885
-3.50977
-2.44179
-0.245202
-0.20243
3.01085
0.500383
4.5572
-0.883984
2.31829
-1.3255
-1.14637
0.620506
-2.48321
2.93281
-0.778383
3.13068
2.10596
1.9998
3.29875
1.57645
3.30493
1.95399
3.04852
2.77105
1.52744
3.74586
-0.831646
4.17999
-1.51188
2.30991
0.185371
-0.818685
2.58928
-4.31814
3.24164
-5.83002
0.885156
-3.7899
-1.77732
-0.486114
-1.99183
2.43679
0.116602
3.48673
1.45633
2.00508
-0.337548
-0.410658
-3.16087
-3.01162
-4.38294
-4.31512
-3.98934
-4.24233
-3.89798
-3.56691
-4.28986
-1.78656
-4.4687
0.59054
-4.49861
1.66883
-4.65236
0.222653
-4.35256
-2.46348
-4.06894
-3.89146
-4.1982
-2.23976
-4.33389
0.414138
-2.59306
0.788609
0.658953
-1.27161
3.67668
-2.59443
4.67922
-0.82015
2.94035
0.736919
0.0530032
-0.0900654
-2.92611
-1.30955
-4.64423
-0.341921
-4.41968
2.12298
-3.41179
3.54758
-1.14981
3.61197
1.38494
3.68855
1.85679
3.63177
0.41737
3.61052
-0.178174
3.58521
1.42433
3.66144
2.42277
2.41314
0.505166
0.194245
-2.60282
-2.75059
-4.03103
-4.45329
-1.89538
-2.83649
1.51032
0.460988
2.43782
1.80876
0.387515
0.0270974
-1.15783
-1.81774
0.370672
-0.753029
3.50058
2.10449
4.81961
3.44194
4.22064
3.56618
3.99463
3.5341
4.53674
2.01792
4.95877
-0.683259
3.24176
-1.58329
0.212697
0.27524
-1.26207
3.36764
0.338706
4.39872
3.60886
2.18948
5.19114
-0.719896
3.42109
-1.47876
0.236991
0.356201
-2.69336
3.62098
-3.50335
5.32041
-1.45053
3.85052
1.43498
0.781535
3.37848
-2.1427
3.96693
-3.48921
3.67195
-3.45237
3.39696
-3.41784
2.23094
-3.27021
-0.117063
-2.90157
-2.50365
-2.50371
-3.58482
-2.40706
-3.41186
-2.70323
-2.8786
-2.60687
-3.18453
-0.976202
-3.74254
1.76734
-2.4859
4.23676
0.0202513
5.25932
1.14932
5.04139
-0.432092
4.97878
-1.34796
3.05129
0.40868
0.240248
1.52537
-0.989756
-0.282197
0.495949
-3.36183
3.54602
-4.50631
4.63478
-4.40553
2.6457
-4.57919
-0.309625
-3.31043
-1.10329
-0.338746
0.414702
2.84615
1.57299
4.1591
0.0452694
2.41931
-2.73632
-0.264327
-3.75106
-2.89949
-2.17428
-4.36989
0.44814
-4.57708
2.78183
-4.27366
4.17896
-2.53077
4.30807
-0.329074
4.23358
0.341228
3.97445
-1.224
3.84919
-3.49255
3.85787
-4.52398
3.50782
-4.55168
2.01663
-4.78143
-0.429738
-5.20811
-3.09477
-5.01625
-4.451
-2.91496
-2.94446
-0.02809
0.170969
0.579428
3.39746
-1.09156
4.78745
-2.15773
2.99391
-0.469861
0.273598
2.32197
-1.2124
3.71719
-0.123482
3.30284
2.5348
2.89763
3.70966
2.85159
2.10362
3.17109
-0.71534
3.71589
-1.97324
3.9657
-0.709676
3.71894
2.09174
3.15945
3.5496
1.18993
1.71026
-1.46886
-1.30857
-3.66156
-2.51858
-4.73171
-1.08614
-4.82698
-0.227306
-4.7759
-1.53081
-2.79839
-2.25474
0.188391
-0.644938
2.73359
2.03619
3.48796
2.94089
3.27202
3.0827
3.12329
3.38626
1.45984
1.93975
-1.22145
-0.958205
-1.73468
-3.77876
0.214641
-5.05919
2.14613
-4.9399
1.10572
-4.823
-1.93993
-3.31937
-3.99226
-0.374081
-3.20086
2.36032
-0.707248
3.48734
2.1885
1.7952
3.98034
-0.753508
4.56399
-1.30816
4.76954
0.310481
3.02213
2.45643
0.039147
3.1018
-2.84345
2.48557
-3.92885
2.25061
-3.56356
2.70058
-3.26557
2.78813
-3.72568
1.15359
-3.94471
-1.49695
-2.49951
-3.31383
0.501648
-3.35875
3.6056
-3.06399
4.93587
-3.84744
3.14521
-3.12645
-0.110912
-0.365267
-1.26607
1.69904
0.714559
0.94915
3.98018
-1.57773
5.45191
-2.95322
5.03042
-3.14279
4.53072
-3.55633
3.46158
-4.23609
1.2133
-4.54494
-1.42277
-2.94463
-3.26013
0.114351
-2.71299
3.30931
-0.509156
4.81073
2.60637
3.18039
4.62687
-0.107813
3.66168
-3.11474
1.27286
-4.49074
0.0223582
-3.79871
1.22014
-2.706
3.57882
-1.98712
4.673
-1.86783
4.56491
-1.91741
4.44776
-1.92523
4.39006
-2.05774
4.37307
-1.93457
4.68421
-0.371669
4.65192
1.88993
2.63148
3.96249
-0.513697
4.94758
-1.7599
3.39998
0.270063
0.315378
1.60442
-1.26614
0.0255182
0.14412
-1.67269
2.3527
-0.278015
1.65258
2.78593
-1.54312
4.40881
-3.00044
4.2766
-0.771238
4.07918
2.55747
4.04606
3.39791
4.18416
0.94799
2.74492
-0.840121
0.244015
0.47745
-1.56941
3.63921
-1.08028
5.13789
1.42562
3.46735
3.42852
0.968792
4.39779
0.382474
4.52794
1.52611
2.38312
3.39903
-0.986645
4.43713
-2.5208
3.37977
-0.415917
1.4322
2.68964
-0.996128
4.22802
-2.0999
4.17056
-0.349264
3.83993
2.30758
2.13451
3.87334
-0.922313
3.55019
-4.17133
1.27231
-5.2951
-1.26513
-4.30043
-3.27087
-2.85515
-4.04711
-2.26573
-2.83611
-3.20065
-0.428254
-4.49944
1.73288
-5.30853
2.86601
-5.29716
2.93604
-5.31025
2.34085
-5.47298
0.683558
-5.10516
-1.56105
-4.34383
-2.26577
-4.15305
-0.867055
-4.48543
-0.036432
-4.8785
-1.28575
-4.70498
-2.07253
-4.73748
-0.19853
-3.7761
1.48129
-1.11187
1.14256
2.60866
0.572465
4.51899
1.44837
1.91468
1.28379
-1.79362
-0.763934
-2.50954
-1.55694
-0.397305
0.403132
0.415014
2.94472
-1.66171
3.81113
-3.28921
3.93382
-2.0408
4.17629
-1.18293
3.79881
-2.39822
3.54067
-2.98175
2.21755
-0.780843
-0.324989
0.85194
-1.88672
-0.640229
-1.66431
-4.08165
-1.23722
-5.57085
-2.09988
-2.80866
-1.89947
0.592976
0.0841907
1.14725
0.608699
-0.941202
-1.87576
-3.57322
-3.65359
-4.40717
-1.45237
-2.97124
2.15233
-1.19654
3.74741
-0.666781
3.2058
-1.95855
2.89893
-2.80704
1.9404
-0.833906
-0.42676
1.24905
-3.52704
1.31517
-5.44684
0.631504
-4.91309
1.64086
-3.39981
4.02623
-0.728788
4.63239
1.3852
2.26209
0.832887
-0.692598
-1.90279
-2.5953
-3.51187
-3.44185
-2.42643
-3.95264
-1.57564
-4.28144
-2.38935
-2.25249
-3.38555
1.17581
-2.86923
4.01052
-2.10714
4.90294
-2.99654
3.54538
-4.63239
1.45254
-5.12423
1.07297
-2.65679
1.94475
0.628193
1.79559
2.39028
-0.399561
1.85317
-3.35156
0.905955
-4.12434
1.92738
-2.53719
3.80373
-0.434903
4.49177
0.169992
1.9778
-0.717158
-1.79064
-1.96111
-3.83407
-2.69652
-2.71442
-3.04035
-0.135014
-3.73332
2.07192
-2.76537
3.4584
-0.599011
3.80388
0.0721926
1.77903
-0.998688
-1.66651
-2.53675
-4.63534
-2.39686
-4.95989
0.027853
-2.2712
2.39392
1.3648
3.74731
4.3887
3.34477
4.67156
0.897712
1.95865
-1.29867
-1.51848
-2.24739
-4.23495
-1.80708
-5.03516
-0.955373
-4.84868
-0.693217
-4.65375
-0.703513
-4.4016
-0.853936
-4.3123
-1.17789
-4.2805
-1.45079
-4.3137
-1.35095
-4.51065
-0.821469
-4.73433
-0.927599
-3.41749
-2.10341
-0.074553
-2.25942
1.87627
-0.182942
0.52571
1.79254
-1.56658
0.891136
-0.579785
-0.897107
1.45794
-0.00856707
0.846215
2.10757
-1.3418
1.53892
-1.76094
-1.95375
0.648408
-4.71824
3.32836
-3.787
3.29819
-0.151884
0.722431
1.96456
-1.40809
0.755912
-0.491513
-1.36004
1.73703
-0.714218
1.29636
1.67315
-1.79292
2.04665
-4.33462
0.0666613
-4.72488
-1.22755
-4.58756
-1.33908
-3.20041
-2.20832
0.084184
-2.34653
2.26197
-0.412656
1.33217
1.53586
-0.907943
0.698332
-1.50424
-2.68656
0.552439
-5.41558
2.92769
-4.54017
3.38699
-1.12547
2.52242
2.56707
0.344335
4.91338
-2.03785
3.69437
-2.26917
0.0187517
-0.238493
-2.67879
2.75022
-2.86793
5.03246
-1.06194
5.55105
0.402341
5.39328
0.468699
5.24129
0.322039
4.96052
0.0446999
4.97983
-0.478855
4.97697
-0.324022
4.22832
0.846757
2.64531
2.73893
0.309569
4.11241
-2.35549
3.03563
-3.01753
-0.316872
-0.899944
-2.37499
1.24531
-1.21821
0.717366
0.726423
-1.31083
-0.0752546
-2.23258
-3.44222
-1.99531
-5.47569
-2.69167
-4.27802
-4.66053
-2.18074
-5.6172
-1.38901
-4.42534
-2.733
-1.03428
-3.4015
1.55513
-1.56766
0.833914
0.536308
-2.6613
1.32321
-4.85241
0.959779
-2.47968
0.885713
1.43563
1.36271
3.58484
1.81868
2.64256
2.76129
0.17412
4.36993
-2.29189
3.83594
-2.90567
0.568209
-2.26528
-3.00112
-1.94886
-4.70249
-2.94996
-3.76295
-5.08034
-1.74804
-5.29121
0.867026
-2.55531
2.59524
1.01638
2.73946
3.64714
1.43912
4.37402
0.355746
4.42852
0.132454
3.67066
-0.776092
1.1425
-2.01874
-2.37587
-2.2044
-5.04181
-1.08779
-5.56932
0.16351
-5.37042
0.64927
-5.54728
0.352048
-4.61285
-1.01725
-1.62864
-2.08902
1.97953
-1.79261
4.19804
-0.249154
4.43148
0.705169
4.33572
0.810976
3.51151
1.99275
0.84745
2.91477
-1.79379
1.5066
-2.55195
-1.80476
-1.38993
-4.46091
-0.528913
-4.88857
-0.255968
-4.64918
1.26326
-3.72082
2.76363
-1.04838
2.75206
2.53075
0.817126
5.06986
-1.78761
4.9145
-3.80624
3.18641
-5.28926
1.05424
-4.74683
-1.35432
-1.51669
-2.35427
2.26193
-1.69094
4.83689
-0.0148458
5.27267
1.13996
4.99343
1.21508
4.85082
0.68637
4.03404
-0.421076
2.45172
-2.1476
0.677719
-3.52755
-0.412657
-4.01144
-0.647562
-4.09349
-0.0207243
-4.38093
1.74745
-3.46802
2.8755
-0.705487
1.40749
1.72275
-1.80682
2.43362
-3.77742
2.29131
-2.89357
3.10164
-2.37145
3.85498
-2.12576
1.81257
-0.820148
-1.12329
2.1596
-2.40506
4.75542
-1.06352
4.30909
1.61678
2.70129
3.79117
2.61265
4.32315
2.73337
1.97656
1.21279
-0.502566
-1.84882
-1.34858
-3.99446
-1.23615
-2.74275
-1.94591
-0.325174
-3.87737
0.637712
-4.97902
-0.603066
-3.94489
-1.69528
-0.876665
-1.53669
2.649
-1.42763
4.29798
-2.50689
3.36329
-3.25144
2.70465
-0.798128
2.3592
3.22585
2.06903
5.30408
1.68721
3.83502
2.18829
1.19486
3.89627
0.214465
5.10088
1.84427
4.10897
3.12638
0.914343
1.81107
-1.9705
-1.63574
-2.97794
-4.46535
-1.29407
-3.98379
1.14436
-0.584569
1.82958
3.04783
1.55393
4.86473
1.52648
3.84956
2.50107
1.64864
4.13964
-0.633352
3.91333
-2.45618
2.1029
-3.8356
0.285997
-4.58734
-0.734378
-4.72447
-1.07777
-4.84397
-0.87288
-3.70311
0.521484
-0.842663
1.94769
2.69859
2.1863
4.94885
0.616351
4.24762
-2.02586
2.21284
-4.22343
1.81286
-4.59319
2.27644
-2.1444
1.3604
0.765356
-1.63235
1.72182
-4.67301
0.525592
-5.3407
-0.67679
-4.92677
-0.958108
-5.01773
-0.31056
-4.06595
1.02802
-1.04429
1.98998
2.75983
1.81426
4.67353
1.35247
3.7046
1.85856
1.40479
3.53955
-1.48055
3.52368
-2.90532
0.666722
-1.74026
-2.43838
1.31465
-3.60231
4.36789
-2.16054
5.05976
-1.0593
3.54034
-2.10863
0.266831
-3.25969
-3.20837
-2.68685
-5.42919
-0.912336
-5.87198
0.165091
-5.22415
-1.02316
-4.16609
-3.14079
-2.58374
-4.90943
-0.319183
-5.13607
1.82872
-3.72096
3.45662
-2.20182
4.20425
-1.56865
4.30955
-1.41728
3.5996
-0.106123
2.43542
2.07055
2.011
3.03747
2.76771
2.03426
3.90162
-0.0368025
3.1163
-2.00284
1.15529
-3.65473
0.621854
-4.12344
0.9723
-1.74291
1.69583
1.87505
2.08579
3.52609
1.41587
1.21172
-0.436169
-1.59099
-3.30533
-2.22393
-5.52513
-0.14441
-4.76657
2.39959
-1.61562
2.99575
1.73693
2.06733
3.8216
0.0311235
2.94414
-2.17786
0.790973
-3.79546
0.0538678
-4.31026
1.08122
-3.22749
3.04062
-1.57312
4.01848
-0.589623
4.07669
-0.617427
4.06238
-0.622739
4.23421
-0.252044
4.39104
-0.48188
2.98859
-1.85876
-0.166868
-2.28542
-2.17562
-0.229397
-2.1468
3.35524
-1.7586
5.03417
-1.98499
2.30669
-1.16838
-0.93956
0.749726
-1.07818
1.09998
1.38913
-1.63174
3.43683
-4.70713
2.72766
-5.08396
0.0656692
-3.92897
-2.20705
-3.62759
-2.6476
-4.25344
-1.30984
-4.51605
-0.605735
-2.09968
-0.852497
1.14481
-0.35621
2.77564
1.95331
1.96128
4.66934
1.18406
5.54567
2.35262
4.01467
2.74316
0.823417
0.708554
-1.08271
-1.42662
0.0959758
-1.73258
3.36034
-1.03876
5.37658
-1.90101
4.69278
-4.15685
3.08109
-4.9418
0.869506
-3.92532
-1.44038
-2.26245
-3.60551
0.166329
-3.95884
1.84345
-1.44886
2.79509
1.99528
3.3524
3.44238
3.05839
1.37067
2.41945
-1.98983
0.609352
-3.96122
-1.7273
-3.13499
-3.08704
-0.990173
-3.71488
0.941312
-3.84201
1.60863
-3.76609
1.53889
-2.92809
2.22008
-0.925177
3.38731
1.30894
4.2281
2.2104
4.52485
2.21823
4.48488
3.05338
3.32573
4.80863
1.26885
5.60503
0.485919
3.12148
1.0816
-0.679259
2.20947
-2.46482
3.00392
-1.21871
3.75227
-0.181599
4.21994
-0.79667
1.79959
-2.23891
-1.86256
-3.08302
-3.35267
-2.35292
-0.929442
-1.20462
2.69787
1.07544
4.73049
3.41752
3.38348
3.19091
0.16338
0.736126
-1.92969
-2.5
-1.6524
-4.20428
0.674182
-3.01068
2.92058
-0.629066
3.74223
1.53807
4.02451
2.6467
3.85194
2.86812
3.65127
2.4062
3.70427
1.00684
3.65454
-1.2154
2.75078
-3.53119
1.54761
-4.65647
0.881653
-3.43202
1.788
-1.22716
3.4262
-0.670288
3.92554
-1.57229
1.51197
-1.312
-1.54855
0.998986
-3.61416
2.54334
-4.42599
1.35665
-4.68753
0.550197
-4.9064
1.87054
-4.26306
2.65605
-3.86303
0.242279
-2.86716
-3.48329
-1.4289
-5.30151
-0.940597
-4.70848
-2.17727
-4.1926
-2.96467
-2.85711
-0.833279
-0.321238
1.0074
1.22116
-0.0163622
-0.0440721
-2.08888
-3.4334
-1.86834
-5.5734
0.857559
-4.05098
3.28027
-0.650752
2.83264
1.14621
0.137541
0.710793
-3.45443
0.0558093
-5.37883
0.703472
-2.99207
0.717589
0.686915
-1.45171
3.01682
-4.33512
2.95737
-5.25052
1.9612
-5.09878
1.62664
-4.77363
0.23258
-4.36595
-2.08335
-4.2757
-2.84936
-4.72991
-1.54535
-5.31773
-0.523684
-4.90881
-1.68617
-3.67668
-4.24728
-1.25041
-5.02062
1.09184
-2.38358
2.79414
1.38772
3.7308
2.84107
2.26277
0.443647
-0.486203
-1.49424
-2.06626
-0.332912
-0.871581
1.69897
2.33545
1.43713
4.34422
-0.879642
4.50941
-2.13587
4.23277
-2.18155
2.56515
-2.71976
0.0680629
-3.73687
-0.65407
-4.06493
0.562221
-1.78237
0.915277
1.29104
-1.15316
3.53844
-4.41339
3.44739
-5.48675
1.15939
-2.96811
-1.17818
0.637421
-2.67724
2.30053
-3.38838
0.284942
-1.96031
-3.22724
-0.178877
-5.01756
0.765259
-4.37639
-0.163713
-3.31347
-2.2911
-2.63559
-3.46029
-2.43544
-3.8019
-2.77773
-3.78293
-3.57571
-2.7362
-4.4223
-0.63897
-4.65237
2.00425
-2.86857
3.70284
0.435515
2.91946
3.75169
0.875201
5.06724
0.20086
2.77618
1.47686
-0.679426
1.93651
-3.19545
0.127148
-4.22618
-1.68089
-4.11458
-0.628034
-4.32089
1.64665
-4.40992
2.80702
-4.00072
2.91001
-2.36403
3.40288
-0.0661376
4.27044
0.545238
4.7632
-0.973294
4.76377
-1.77003
4.65859
0.328222
2.96556
3.70356
0.565056
5.18996
-0.305462
2.84079
1.14682
-0.728475
3.59167
-2.02352
4.68512
0.113206
2.81575
1.96599
0.0798607
0.587743
-1.40379
-2.7494
-0.711112
-4.35363
1.75806
-2.71382
3.58162
-0.204411
4.25209
2.07482
4.31655
3.80749
2.53302
4.7341
-0.0749703
4.83854
-0.75765
2.71317
0.778248
-0.336198
2.6897
-3.15892
3.01146
-3.89759
2.39782
-2.38783
2.73997
0.138426
3.55019
2.81348
3.87019
4.36261
2.2487
3.4963
-0.720951
1.1568
-3.33783
-1.55629
-4.61736
-2.62479
-4.60622
-1.13856
-4.46466
1.29504
-4.40466
2.27986
-4.33434
0.844895
-4.29197
-1.57512
-4.51403
-3.11514
-4.30556
-3.49518
-3.95654
-3.1907
-3.72582
-1.39826
-3.61692
1.30741
-3.82151
1.82848
-4.25912
-0.283
-3.06154
-1.43662
-0.569769
-0.194932
2.52902
0.783581
4.00143
-0.870762
2.09647
-1.72235
-0.901101
0.0804559
-3.712
1.77857
-4.8516
0.215046
-3.10326
-3.03686
-0.566628
-4.87485
0.416693
-4.87742
-0.718586
-4.78442
-1.58574
-4.78995
-0.377163
-4.93792
0.461714
-4.84118
-0.811032
-4.89961
-1.97159
-5.06022
-0.756542
-4.96046
2.12827
-2.83429
3.97954
0.39811
2.42771
1.29325
-0.689347
-0.716249
-1.82212
-2.18925
0.0708065
-0.514024
1.52256
1.02462
-0.0126381
-0.435094
-1.76602
-3.2979
-0.660353
-4.45459
2.32274
-4.16023
3.70108
-4.33171
1.83358
-2.84069
-1.20641
0.00285838
-1.87377
1.15017
0.1135
-0.534548
1.46646
-2.09728
-0.259508
-0.896748
-3.4384
2.12053
-4.47302
3.72831
-2.5961
3.8112
-0.0704964
3.20406
2.56665
0.947461
4.24158
-1.88828
2.84973
-2.50054
-0.228668
-0.479859
-1.94332
2.28434
-0.496211
3.13945
2.86511
2.77507
4.22816
2.97853
2.68949
3.23399
-0.122834
3.17225
-2.75295
3.16186
-3.68579
3.49633
-1.97172
2.40407
1.30274
0.00507072
3.97938
-2.71008
4.53757
-4.19561
2.26444
-4.41395
-0.355905
-4.35842
-0.979435
-4.16681
0.556561
-4.33867
1.71402
-4.2716
0.570638
-4.23794
-1.7258
-3.80418
-2.82557
-3.53991
-2.97453
-3.93714
-2.90385
-4.29528
-1.35087
-2.62826
1.22541
0.236988
1.88895
1.37245
0.212646
-0.363683
-0.780097
-3.48069
0.767701
-4.7343
1.93051
-2.60099
0.325357
0.731138
-1.00345
3.69285
0.0915643
4.59275
3.13521
2.36941
4.94019
-0.500056
3.55405
-1.09109
0.466811
0.327315
-2.64258
1.43147
-4.06813
0.184203
-3.69206
-1.11341
-3.55822
0.237598
-3.47172
2.75722
-3.53717
3.82505
-3.73918
3.58997
-3.66853
3.61439
-2.07255
4.48604
0.487412
5.15441
1.1538
3.24259
-0.459054
0.144413
-1.16455
-0.875589
0.528951
0.964546
3.48029
2.5458
4.66915
0.936901
2.6261
-2.39105
-0.125783
-4.03623
-1.33964
-2.101
0.133811
0.917665
2.97743
2.10609
4.40728
0.246627
2.73471
-2.72334
0.217625
-4.29824
-0.875364
-3.89604
0.52628
-3.05985
3.09994
-1.27586
4.42445
1.25824
4.19664
3.61086
3.45077
4.8994
1.67691
4.9914
-0.773026
4.29196
-3.34394
2.16155
-4.65976
-0.82021
-3.32007
-3.14883
-0.490097
-3.48721
2.51758
-1.55582
3.82742
1.09123
3.68953
3.42432
2.90717
4.64512
1.12111
4.2785
-1.48669
3.32588
-3.85094
2.56556
-5.00206
2.41957
-4.86796
2.80453
-4.3751
2.80861
-4.40164
1.47825
-4.76088
-0.935528
-5.06609
-3.39235
-4.55921
-4.40864
-2.17761
-4.40474
0.776069
-4.45648
1.50377
-2.91553
-0.450886
-0.190865
-1.86422
1.08875
-0.497353
0.153814
2.52383
-1.21591
4.13522
-0.0970511
3.78941
2.78775
2.90412
4.21624
0.928174
2.09583
-1.36109
-1.38557
-3.31191
-2.93687
-4.24557
-0.721674
-2.97869
2.96395
-0.897636
4.54061
0.0240002
2.23458
-1.14126
-1.18658
-2.75704
-4.00641
-3.11545
-4.8788
-2.56746
-4.6795
-2.44449
-4.62897
-1.41103
-4.53895
0.93772
-3.95254
3.4307
-2.0328
4.56025
0.470167
4.01753
2.84709
2.89636
3.77125
2.60171
2.03619
3.2888
-1.13616
2.82389
-4.11129
1.19117
-5.35666
0.205796
-4.83633
1.53687
-3.7741
4.00257
-1.68462
4.9791
0.635023
4.43071
1.56555
4.22132
0.181516
4.30116
-2.30619
4.61849
-3.48036
4.80059
-1.82638
4.33973
0.861877
2.25741
2.8639
-0.783572
2.89956
-3.85856
0.337979
-4.70446
-2.11812
-2.50134
-1.87238
0.546619
0.461963
3.09423
2.27848
4.13151
1.02412
4.13466
-1.52153
4.41975
-2.90699
4.424
-2.73489
4.36911
-2.2159
4.58048
-2.15575
4.62193
-2.91301
3.12592
-4.11792
0.814033
-4.599
0.0825756
-2.52851
1.18756
0.657903
3.07593
1.90067
4.22202
-0.345109
2.94476
-2.27504
0.559234
-0.953104
-0.890731
2.49309
-0.433439
4.1421
0.327553
1.91845
-0.727255
-1.49087
-2.54472
-4.33177
-2.44665
-5.01637
0.0133216
-4.42906
2.66635
-4.14592
3.20071
-3.00122
0.868487
-1.31645
-2.47652
-0.275231
-4.13538
-1.02827
-3.11246
-3.00494
-1.83565
-3.96444
-1.47883
-4.35673
-1.44724
-4.13777
-0.109616
-2.13597
2.17916
1.04751
3.86361
4.06913
3.68192
4.79776
1.2851
2.31258
-1.02791
-0.97341
-2.56528
-2.37821
-3.26197
-0.380979
-2.34137
2.84291
-0.624882
4.66657
1.4847
4.67475
2.81899
4.57002
2.70733
4.63019
2.42777
4.68179
2.55235
4.78088
2.48629
4.58087
1.22829
3.77459
-1.04586
2.57844
-3.53001
2.27574
-4.78301
3.28
-3.26023
3.03831
0.416225
0.663468
2.3342
-1.28971
0.95913
-0.184788
-1.28626
3.11712
-1.41071
4.98086
-0.644313
4.36924
-1.75052
3.75356
-3.17192
3.92669
-2.47716
4.76394
0.263031
3.76067
2.84788
0.742661
2.88547
-1.1667
0.539438
-0.990423
-2.98831
-0.522178
-4.77535
-1.04026
-2.35607
-0.781715
0.859138
1.27403
1.50705
3.07348
-0.982511
2.48055
-4.20681
1.62521
-5.23488
2.73939
-3.74672
4.53085
-1.61761
5.00181
-1.14207
4.15692
-2.64646
3.66946
-3.51467
3.0041
-1.41822
1.86758
2.1746
-0.318785
4.09602
-2.72681
2.53623
-4.27303
0.14716
-4.42137
-0.120912
-1.73199
0.935247
1.45839
0.636657
1.72178
-1.55515
-0.97
-3.49847
-4.1328
-3.30781
-5.09531
-2.58927
-5.1428
-2.25698
-4.48522
-0.854373
-1.90896
1.0219
1.65572
2.25896
3.04118
2.59298
0.577642
1.85925
-3.20886
0.68925
-5.40251
-1.37268
-4.16708
-3.50657
-0.72009
-3.72651
2.43418
-2.1552
4.22199
0.288881
4.36234
1.39064
3.75617
-0.0422858
2.80212
-2.55773
1.48862
-4.46612
0.497846
-5.14149
0.540677
-5.02582
0.828129
-4.84246
0.879179
-4.88756
1.14333
-4.8109
2.22269
-3.6538
3.58008
-1.75035
4.00912
-1.3163
3.19255
-2.59318
2.84781
-3.26081
1.90412
-0.902389
-0.449099
1.3768
-2.36294
0.697315
-1.54463
-1.05463
2.02159
-1.46033
3.99392
-1.12069
1.53959
-1.28116
-1.62001
-0.623557
-1.85175
1.39466
0.823801
3.43114
2.40921
4.17588
0.277919
3.34005
-1.94151
1.1891
-2.14447
-1.87925
-1.69205
-3.7218
-2.67919
-3.26549
-3.42906
-2.78979
-1.17487
-2.01608
2.31972
-1.12634
3.95875
-0.932137
2.97262
-2.0861
2.41292
-2.88651
3.30401
-1.93211
3.98714
-1.30818
1.72804
-1.68336
-1.58481
-1.20746
-3.46135
1.43675
-2.45182
4.58178
0.486216
4.90127
2.17013
1.94302
0.906203
-0.862631
-1.33617
-0.69566
-1.35813
1.45424
1.59572
3.34634
3.91439
3.64702
2.80508
3.91766
0.274136
4.94614
-0.88255
5.54316
-1.1985
5.60983
-2.22168
4.27141
-2.52951
1.34693
-0.594758
-0.873573
3.06139
-1.45896
4.92467
-1.44471
2.42606
-1.49057
-1.73142
-1.84444
-3.59899
-2.26296
-1.27035
-2.17065
2.86971
-1.92771
5.46917
-0.306546
4.70123
2.17992
2.52279
3.88929
1.77643
4.35183
2.9195
3.33456
4.76467
1.44186
4.82536
-0.700991
3.30838
-2.49121
1.8639
-4.0278
1.469
-4.7984
1.27242
-5.05976
-0.334499
-4.19851
-1.76293
-1.37092
-0.901005
1.55786
1.95058
2.93062
4.74104
1.72098
4.76785
-1.19823
3.50811
-3.85305
3.07736
-4.47651
2.87773
-1.75899
2.45597
2.27826
0.942776
4.90922
-1.29138
4.5001
-2.88329
2.35982
-4.02862
0.0600979
-4.49912
-0.886526
-3.66668
0.716195
-1.21695
2.52791
1.93144
2.82208
4.45134
1.68913
5.32879
0.696028
5.22081
0.398883
4.26655
-0.957095
2.88264
-3.11668
2.46917
-3.97405
3.17891
-2.64257
4.29166
-0.709339
4.64446
-0.0969263
4.61217
-0.0428075
3.76003
0.935013
1.04103
1.66726
-2.42125
1.45787
-3.87732
1.44126
-1.37596
1.64902
1.33932
0.494715
2.49736
-2.50537
2.65977
-4.41189
2.47643
-2.12456
2.11391
1.63428
0.639907
4.11825
-0.321921
4.6076
1.20873
3.64487
3.38256
2.51686
3.95721
2.18684
2.66264
2.92579
1.75128
3.57945
2.4494
2.4794
4.29597
0.484586
5.03658
-0.391979
3.86874
0.86485
2.14139
3.13672
1.73889
3.76038
1.6175
1.08674
-0.0135491
-1.72526
-1.99749
-1.61596
-1.50495
0.600607
1.72411
2.23866
3.66467
2.60442
2.59013
3.45665
1.6348
3.98089
1.55298
1.35149
1.92313
-2.73241
2.47017
-4.59333
2.21978
-2.00408
0.506013
0.941915
-2.88196
2.27398
-4.71428
2.60413
-2.38565
2.40825
0.81039
0.97934
1.94776
-2.05684
0.495081
-4.78241
-1.99628
-4.31097
-3.62057
-2.4753
-3.90999
-1.99565
-3.03896
-2.9143
-2.78407
-3.69566
-3.7256
-2.73139
-4.57105
-1.81203
-3.52926
-2.21489
-1.28158
-3.73367
-0.233397
-4.69736
-1.55927
-3.64224
-2.57228
-0.342699
-1.00485
2.2789
0.982422
1.41332
0.412618
-0.842535
-1.74044
-0.727761
-1.46061
1.40492
1.66737
2.53021
3.81397
2.38354
3.08542
3.19636
0.955609
5.29834
-1.49892
5.176
-2.43693
2.02583
-0.79417
-0.448659
1.47445
0.0433923
1.31738
1.99528
-1.71162
3.04246
-3.50872
3.02935
-1.21417
2.73619
2.33558
2.32014
4.67613
0.692486
5.24088
-0.0782636
4.30824
1.82989
1.58518
3.34157
-0.976257
1.86008
-2.17523
-1.5852
-2.11706
-3.7344
-2.56516
-2.43433
-3.95758
0.0149052
-4.58696
1.1511
-3.96619
0.0416464
-2.67218
-2.22038
-0.980627
-4.07457
1.41394
-3.82147
3.77169
-2.35549
4.28974
-1.90745
1.70002
-1.76126
-2.16783
-1.45657
-3.98851
-1.31465
-2.9804
-2.26183
-2.08025
-3.4928
-2.77715
-2.72969
-4.24454
-0.28073
-3.80574
2.27019
-0.787623
2.73191
2.82123
1.86587
5.41149
-0.25842
4.61002
-2.70599
1.34448
-2.92867
-0.928696
-0.753827
-0.019795
1.48499
3.00745
1.7623
5.20632
-0.206035
5.31961
-1.48043
4.9939
-1.19241
5.0829
-0.908101
5.15495
-1.09604
5.35014
-0.86383
4.60514
0.730637
2.15102
2.22767
-1.25011
2.72061
-4.17405
1.4436
-4.24828
-1.41579
-1.24388
-3.07415
1.55491
-1.8566
1.47703
0.543061
-0.849156
0.919135
-2.46463
-1.90338
-1.85363
-5.03858
-0.830399
-5.86219
-0.796279
-5.48298
-1.14262
-5.20916
-0.904472
-5.27337
0.864494
-4.49738
2.38621
-1.62027
1.69631
1.39363
-1.15616
2.97284
-4.25805
1.85011
-4.39384
-1.20474
-1.42879
-2.83541
1.46351
-1.7398
1.59819
0.724562
-1.11029
2.51955
-4.2473
1.44696
-4.65582
-1.21385
-3.05982
-3.46093
-1.63639
-5.09851
-1.20692
-5.76168
-1.27551
-5.8553
0.0651516
-5.14896
1.95268
-2.55905
2.4543
0.856152
1.34808
3.64537
0.50949
4.35298
1.8844
2.99771
3.94569
1.12487
4.3986
0.615265
1.81463
1.30194
-1.93391
1.95268
-4.67603
1.50277
-5.21677
0.835692
-4.81782
0.582891
-4.08463
-0.731529
-3.52072
-3.06814
-3.64092
-3.65904
-3.3653
-1.02896
-2.12227
2.56993
0.0453663
4.74015
1.01305
4.9277
-0.606208
4.08556
-2.31755
1.43042
-3.05143
-2.02893
-3.37755
-3.60599
-2.98739
-1.40085
-1.88841
2.05548
0.172407
4.13481
1.25015
4.49963
-0.186507
4.11368
-2.55558
2.91548
-4.42549
1.24791
-5.04725
0.46051
-4.15969
1.58246
-2.00896
3.16374
0.34283
4.24433
1.29871
4.61864
-0.384404
4.23014
-2.92236
3.45273
-3.64779
3.17012
-2.27347
3.60904
-1.66645
4.13626
-2.77564
3.58782
-3.50268
3.40408
-2.15759
4.03743
-1.16518
4.61535
-2.25455
4.07661
-2.89076
3.76401
-0.556711
2.64897
1.5223
0.188002
0.283922
-1.47741
-1.61304
-0.234933
-0.675147
1.802
1.15334
1.00456
0.220912
-0.760218
-1.65631
0.157582
-0.622059
2.03326
3.1368
2.1103
5.21741
1.6368
2.56222
2.19226
-0.929958
1.55859
-1.22744
-0.379606
0.988346
-0.640636
1.34972
1.4574
-0.815644
1.95929
-1.45574
-0.176445
1.1509
-2.38548
2.97637
-3.06364
1.68692
-3.58766
0.989627
-4.01569
1.85032
-1.70707
1.3834
1.1724
-0.627698
1.15029
-1.17468
-1.0282
0.809073
-1.34843
3.29976
1.48998
4.15646
3.16005
3.03538
1.04692
0.591168
-0.930998
-2.76083
-0.654096
-4.34844
-0.216116
-1.60559
-0.98837
1.73381
-0.928304
2.04141
0.94478
-0.421938
3.04098
-2.14582
3.67835
-1.03106
3.83209
-0.259641
4.3427
-1.44268
3.96483
-2.16813
3.80588
-0.948393
4.37397
-0.129014
4.73873
-0.772183
2.21174
-2.21675
-1.67644
-3.06136
-3.12688
-1.78146
-0.549618
0.699009
1.47101
2.0111
0.256852
0.608745
-1.50987
-1.46453
-0.330161
-0.683136
1.74247
2.70769
1.53922
4.84236
-0.993418
3.68038
-3.23531
1.362
-4.51603
0.798538
-4.9723
1.73229
-2.64009
1.5885
0.540811
-0.292764
1.07468
-1.04021
-1.34925
0.959179
-3.68339
4.00446
-3.34211
5.22483
-2.51794
3.69807
-3.30934
0.523481
-3.19617
-2.91893
-1.70438
-4.522
-0.993006
-2.36181
-2.01002
0.904615
-2.19639
3.05625
-0.0157742
3.01159
3.28468
0.877146
4.2575
-1.46876
3.16533
-3.41883
1.76453
-4.21581
1.19668
-2.82557
2.08938
-0.594249
3.4945
0.269412
4.25956
-1.01957
3.55206
-3.61474
2.32379
-4.76184
1.77417
-3.38465
2.55809
-0.928783
3.69074
-0.233325
3.92571
-1.73563
3.42329
-2.39141
3.1946
-0.398379
2.03089
1.304
-0.503525
0.78793
-3.46203
-0.235769
-4.82578
0.780663
-4.53503
1.50761
-4.5638
-0.431712
-3.42794
-1.87738
-0.822192
-0.471588
0.916499
2.77329
0.49929
4.3778
-0.21606
4.02456
1.09736
3.6453
1.86339
2.16199
-0.137762
-0.707134
-1.73783
-3.92148
-0.966623
-5.34177
0.178777
-2.99086
-0.689935
0.521611
-2.79901
1.89892
-3.88266
-0.0744729
-2.40126
-1.83029
0.432331
-1.47249
3.44025
-0.672691
4.97031
-1.71077
4.44705
-2.9836
4.14682
-1.88174
4.53068
0.755939
4.83956
2.78211
3.48006
3.51733
1.18427
3.49303
0.530279
3.29276
1.98862
3.44559
2.64918
2.10367
0.671185
-0.483946
-0.744818
-2.1095
0.542344
-1.22693
3.74131
1.79947
5.37262
3.88617
3.54317
2.80501
0.117806
-0.111085
-1.49752
-1.53296
-0.0647263
-0.685146
3.31788
0.402157
4.99883
-0.845749
2.96694
-2.88808
-0.297568
-3.28243
-3.16258
-2.64337
-4.20072
-2.25564
-4.37825
-0.930154
-4.0261
1.27802
-1.98628
3.30111
0.959827
4.39512
2.53595
4.24257
1.18258
4.10772
-1.50767
4.32208
-2.67247
4.49723
-0.982909
3.07927
1.84331
0.026296
3.57243
-3.19338
3.57025
-4.24365
3.23876
-2.39841
3.79495
0.879251
3.0355
3.84908
0.866965
5.19796
-0.471318
4.49246
0.677724
3.67421
2.88496
3.39712
3.94656
3.3597
4.1433
2.13805
4.37377
-0.313912
4.13083
-2.90003
3.29114
-3.86841
2.96618
-2.12688
3.44364
1.00061
2.5024
3.91961
0.34489
4.95242
-0.725226
2.64935
0.824217
-0.327385
3.31381
-1.37004
4.66067
0.00304848
4.69225
1.19123
4.77202
-0.0276464
4.25814
-2.30854
3.32976
-3.11408
2.85855
-1.82488
3.15729
0.400798
3.82052
2.80079
4.14604
4.35553
2.28134
3.16366
-0.757876
0.326322
-2.03192
-0.954877
-0.37288
0.104054
2.75723
1.27022
4.24913
0.0539145
3.88846
-1.37903
3.72426
-0.288935
3.53506
2.44149
3.21098
3.74061
3.24003
2.13936
3.31306
-0.611248
1.51446
-2.88427
-1.46052
-3.83512
-2.50235
-2.03309
-0.285798
0.690548
1.28605
1.85428
-0.227765
0.678136
-3.49999
-0.623563
-5.17511
0.657694
-4.57822
3.51379
-3.87577
4.60656
-3.52539
2.70973
-3.92743
-0.165859
-4.6482
-1.04164
-4.90632
0.76099
-2.85007
3.56528
0.0270801
4.71694
1.1552
2.60138
-0.870337
-0.311528
-3.89925
-1.30325
-5.36443
0.150318
-5.14735
1.084
-4.81303
-0.711746
-3.26148
-3.57446
-0.624614
-4.48014
2.28063
-2.55362
3.92051
0.0712046
4.12562
2.6176
3.69191
3.87733
1.53123
2.23701
-1.17924
-0.995023
-1.92451
-3.78294
-0.183449
-4.43232
2.52701
-3.86734
3.48913
-3.47449
3.46857
-2.28735
3.6523
0.123237
3.65257
2.68736
3.19937
3.481
2.91805
1.84317
3.40169
-0.920145
4.1269
-3.68525
4.06123
-4.96986
2.01256
-3.27841
-1.084
-0.452363
-3.67853
0.667584
-4.708
-0.652483
-4.3316
-1.58526
-4.17026
-0.363137
-4.23482
0.634981
-4.46028
-0.73046
-4.06252
-3.12432
-3.59622
-4.13351
-3.47692
-4.30024
-3.511
-4.52004
-1.83453
-2.98127
0.892592
-0.06036
1.22501
1.00748
-0.963691
-0.593978
-1.96556
-1.78892
0.127315
-0.352839
3.41985
0.986625
4.60003
-0.667404
2.77516
-3.5252
0.206168
-4.75926
-2.58722
-2.76897
-4.22643
0.359386
-2.65674
1.56703
0.373189
-0.14315
1.79231
-3.53547
0.631607
-5.21097
-0.68827
-4.60362
0.680756
-3.63678
3.4426
-3.00346
4.61439
-2.8101
4.58807
-3.21438
4.32888
-3.85644
2.81771
-2.8755
-0.0378304
-0.667835
-3.01799
0.411158
-4.4283
-0.866012
-2.43152
-3.42614
0.508703
-4.76651
1.65014
-2.86625
-0.198714
0.216348
-1.89447
2.86426
-0.795334
3.83418
2.28902
3.54447
3.73468
3.88701
2.33192
4.37781
-0.356767
3.81386
-2.8086
1.62279
-4.02823
-1.01678
-4.04866
-1.92525
-4.15952
-0.603741
-4.28943
1.78522
-3.96618
3.53627
-1.9601
4.36391
0.534186
4.79905
1.3346
4.6189
-0.340483
3.82317
-3.24981
1.45344
-4.61722
-1.14602
-2.58779
-1.53677
0.877279
0.513987
3.70131
3.88149
3.92248
5.03807
1.16994
2.63881
-1.67519
-0.72094
-1.96708
-2.92081
0.391381
-3.04284
3.63906
-2.40323
4.63698
-2.93388
3.04464
-3.57883
0.346185
-3.74781
-1.89569
-3.74297
-2.81181
-3.59417
-2.88807
-2.42701
-3.30858
-0.114538
-4.11489
2.4404
-4.29732
4.17829
-2.42352
4.81194
-0.0521586
4.78011
0.548982
4.37937
-1.01682
4.21625
-1.89202
2.8471
-0.042037
0.881284
2.99577
-0.128887
4.57073
0.768629
4.20856
3.29431
3.26671
4.45611
0.910746
2.43708
-1.78758
-0.436389
-2.09851
-1.1902
0.189441
0.871515
3.10625
4.08708
3.65779
4.93551
1.20763
2.88393
-1.78544
-0.234087
-3.73926
-3.1741
-4.01661
-4.29923
-3.55986
-2.7192
-3.91547
0.528881
-3.38936
3.60502
-1.27709
5.02102
1.41609
4.61487
2.783
4.17948
2.65062
4.35631
2.20075
4.45158
2.37207
3.19977
2.96858
0.842494
3.51568
-1.38679
3.82361
-2.2575
3.97137
-2.52131
4.22859
-3.12974
2.70504
-2.40427
-0.611103
-0.0849558
-2.20246
1.37918
-0.505973
0.814987
2.91502
0.140063
4.29917
1.49036
3.46285
2.37602
2.97012
0.0901522
2.1217
-3.59812
0.628334
-5.43075
-1.78539
-3.69182
-3.76234
-0.0300221
-3.22544
3.41628
-1.35397
4.95442
-0.564707
2.59409
-1.4532
-0.95864
-1.70763
-3.36834
0.25258
-3.62544
3.226
-2.69621
4.47675
-2.48826
4.28928
-2.82851
4.03978
-2.57293
4.18353
-0.853195
4.10834
1.61764
3.95491
2.52953
3.8894
1.06501
4.19452
-1.86021
4.65463
-4.01248
2.97821
-3.15531
-0.362842
-0.327286
-2.03424
1.25781
-0.598985
0.489339
2.94583
-0.416299
4.60372
0.482493
2.36499
0.939565
-0.826023
-1.06584
-2.6359
-4.114
-2.34411
-5.33849
-1.91967
-3.68027
-2.95586
-0.408321
-2.88598
2.86386
-1.27199
4.43134
-0.274175
3.82044
-1.31643
3.38069
-2.52125
3.57226
-1.50899
4.12453
1.1715
3.26185
3.26421
1.01455
4.09617
-1.46298
4.48346
-2.5439
4.84886
-0.775369
4.5932
1.48809
2.18623
1.27941
-0.764168
-1.05488
-1.41925
-3.2783
0.900237
-2.91451
3.96085
-0.254243
4.77969
2.18932
4.0475
3.00058
3.8284
1.82235
4.27422
-0.636091
4.96702
-2.7718
3.7744
-2.82302
0.532732
-1.37321
-2.62487
0.917542
-4.46327
1.94669
-4.88984
0.127327
-4.46708
-1.89195
-2.05541
-1.50804
1.1158
1.03693
3.0079
3.87704
2.69125
4.8986
1.7672
5.03181
1.59382
5.07283
2.03226
3.90901
2.83976
1.72066
3.91362
-0.672781
4.54818
-2.57709
3.42559
-3.88019
1.31079
-4.68803
-1.1802
-3.41438
-3.31709
-0.214695
-3.0362
1.64095
-0.455235
1.32473
2.92934
0.501323
4.6513
1.44357
3.8076
3.86943
2.12213
4.82564
0.0192079
3.87944
-2.06024
2.40395
-3.88833
1.63473
-4.66059
2.4357
-3.58184
4.1
-1.6435
4.68139
-1.01054
2.49115
-1.83774
-0.985229
-2.93383
-3.87591
-2.38063
-4.21991
0.17329
-3.14982
2.40707
-2.94998
2.81266
-3.74906
1.49051
-4.15978
0.909633
-1.81478
1.55734
1.78498
2.36941
4.33409
2.16407
4.8944
1.71755
4.82905
1.53478
4.37738
-0.130153
1.85377
-2.09822
-0.977619
-1.38372
-1.19542
1.15042
1.4811
2.89029
4.74488
2.09872
5.6288
1.15484
4.13193
2.11589
0.927683
2.60002
-2.56646
1.47534
-4.79299
-0.949947
-3.76059
-3.28567
-0.525311
-3.54727
2.87194
-2.37681
4.86092
0.000763595
4.08799
2.43736
1.89515
3.69631
-0.15735
4.13458
-1.19697
3.86824
-1.40978
3.50812
-1.31016
3.4885
-1.3324
3.63998
-1.3434
3.70196
-1.55411
3.91632
-1.38479
4.16752
0.327226
3.74396
2.64066
3.0077
2.98041
2.92963
0.164092
2.18473
-1.98309
-0.128859
-0.826335
-1.83048
1.13455
-0.819589
0.442165
1.15129
-1.61328
0.36593
-2.26072
-3.26188
-2.00058
-5.03381
-2.10919
-2.45799
-2.98314
1.59671
-3.60322
3.23062
-2.75547
0.756826
-0.49296
-1.76662
1.37761
-1.18087
0.358917
0.767188
-3.25462
1.45629
-5.4971
1.07343
-4.40687
1.9984
-2.19741
4.0196
0.407455
4.21547
2.57408
3.00529
2.83705
2.69916
0.198566
2.36083
-2.24243
0.526685
-2.79619
-2.87467
-2.38211
-4.69199
-2.56606
-2.32486
-3.25781
1.77517
-2.44145
4.91827
-0.0043616
4.89161
1.33473
1.79609
1.66189
-1.70318
1.79521
-3.12616
2.60221
-1.88696
3.59906
-1.11199
2.9206
-2.25115
1.41397
-4.13803
0.519761
-4.91839
0.569339
-4.67962
0.897551
-4.60745
0.434074
-4.95446
-1.32686
-4.21473
-2.5091
-1.19582
-1.29104
1.71244
0.889808
1.53545
2.42013
-1.74087
2.82236
-3.74269
2.16436
-1.09998
0.48551
1.74545
-1.68081
1.26248
-2.56202
-1.97258
-0.79142
-4.71755
1.67868
-3.88295
2.16229
-0.44714
1.47727
3.22842
1.42166
4.84827
2.67967
3.88687
3.60108
3.07539
1.45035
2.80644
-2.13934
2.18293
-4.59704
0.645828
-4.93902
-0.568754
-4.91714
-0.745877
-5.15776
-0.261669
-4.28814
1.2982
-1.05073
2.51908
2.02601
1.53072
2.86606
-1.48377
1.25247
-4.31147
0.424902
-5.12589
2.27292
-3.70889
3.65264
-0.64931
2.06724
1.91822
-1.52932
2.66909
-4.33478
0.962835
-4.14913
-1.41458
-2.24628
-3.30151
-0.131565
-4.63061
2.09783
-4.33009
3.97467
-2.57968
5.32761
-0.366298
4.96603
1.83597
2.94096
3.45096
0.645486
4.54079
-0.219279
4.76077
1.15833
4.03024
3.55158
2.71072
5.22552
1.12716
5.13541
-0.976134
3.66146
-3.00834
1.59003
-4.55241
-0.971946
-4.33998
-2.98279
-2.86983
-3.16214
-2.4134
-1.68899
-3.3203
-0.890352
-4.24479
-1.98842
-3.37541
-3.80982
-1.24783
-3.88746
1.20908
-2.32059
3.19046
-0.301609
4.66523
2.13295
4.03047
2.94011
0.727232
1.22284
-2.03786
-1.06179
-1.58895
-0.684601
0.779958
2.37223
2.14318
5.13068
0.65685
4.72442
-1.99196
2.61903
-3.8024
0.531695
-5.24619
-0.199945
-5.89465
1.23891
-4.85075
2.4119
-1.70171
1.13133
1.11467
-2.04761
1.75251
-5.0005
0.0030371
-5.7643
-0.930903
-4.61162
0.69586
-3.0047
2.98394
-2.39198
3.84519
-3.32821
2.71168
-5.00537
0.654562
-5.07871
-1.76076
-3.5194
-3.8748
-1.29603
-5.3612
1.31371
-4.73794
3.49611
-2.95996
3.92086
-2.34626
1.24578
-2.29156
-1.8267
-1.1734
-2.92634
1.47314
-1.28619
4.09526
1.36051
4.08079
3.1658
2.53479
4.48459
0.426825
3.81495
-1.87993
0.679529
-2.62103
-2.99371
-2.41497
-4.8604
-2.35501
-3.56029
-3.15226
-1.23829
-4.6089
-0.35576
-5.1061
-1.66375
-4.19707
-3.69409
-2.34916
-5.18588
-0.655813
-5.77531
0.0165406
-5.93208
0.121045
-4.83686
1.11866
-1.7009
1.99904
1.98177
1.98008
3.72764
2.04104
2.89264
2.78234
2.36385
3.21915
3.18557
2.2936
3.66139
1.85776
1.40431
2.2777
-2.16776
2.55719
-4.99501
1.3938
-5.91549
0.731078
-4.69632
2.14633
-1.2494
2.83435
1.28939
0.963758
0.495502
-1.11278
-1.93134
-0.437738
-2.62833
2.77903
-0.550785
5.40294
0.676408
5.64434
-0.757368
4.66818
-3.18994
3.6092
-5.08071
2.09982
-4.76242
-0.329049
-1.82624
-1.82098
1.22368
-0.769511
2.77403
2.50393
1.78449
5.3452
-0.712423
5.1152
-2.83485
3.45039
-3.69107
2.99825
-2.48649
3.88019
-0.352131
5.27934
0.637836
5.74792
-0.513958
5.03403
-2.65303
3.47085
-4.49701
1.68136
-5.31848
0.989983
-3.91323
2.22647
-0.793624
2.87828
1.47646
1.21287
1.95511
-1.89105
1.87662
-3.29357
2.83082
-2.25104
3.62664
-1.44274
2.69043
-2.09488
2.05013
-2.94433
3.05488
-2.30992
4.82582
-0.720506
4.83546
1.62672
3.63348
3.80258
3.59795
4.28745
3.04476
1.75702
0.827938
-0.522609
-1.04175
0.109002
-0.341924
2.05989
1.9193
1.63691
2.44256
-1.44664
0.199298
-3.9235
-2.18769
-3.14148
-1.97805
0.00185713
-0.926282
3.46161
-0.792733
4.76704
-1.37006
2.06153
-0.658625
-1.03557
1.52045
-1.26254
3.16611
1.41793
2.6421
4.31626
1.60412
5.0862
1.38075
5.04581
1.72321
4.97909
2.84416
3.61015
4.56746
1.60644
4.96084
0.944565
2.48112
1.79165
-1.14535
2.89584
-4.21186
2.19781
-4.32942
-0.53589
-1.43069
-2.19806
1.53299
-1.19195
3.26575
1.65485
3.51396
3.08668
2.67812
0.652543
1.59477
-2.93596
-0.00974956
-5.08244
-1.06167
-5.25184
-1.25552
-5.06098
-0.960318
-5.09866
0.459282
-4.47785
2.71991
-3.3086
3.81588
-2.98754
2.5195
-3.65635
-0.0354847
-5.10026
-1.20645
-5.92508
0.471226
-5.30145
2.37609
-2.50797
1.64615
0.431034
-1.41106
2.26713
-2.9717
2.57698
-0.622919
1.34642
1.64252
-0.80716
1.61301
-3.6991
0.741475
-5.42411
1.65174
-4.56858
3.76806
-2.60169
4.24604
0.0649267
3.31624
2.35777
2.97756
2.69911
3.50021
1.27224
3.92668
0.46434
3.40409
1.5106
3.03265
2.029
2.26344
-0.261455
1.11468
-3.84899
-1.21028
-5.74011
-3.52585
-4.14141
-3.10792
-0.362289
-0.360271
1.46809
1.40238
0.0897796
0.0568913
-1.77941
-2.331
-0.921666
-2.34895
2.05205
-0.102295
4.12115
1.2305
4.07088
1.31474
3.8136
0.663568
4.14356
-1.2058
3.69826
-3.19468
1.28581
-2.61938
-1.48785
-0.00183475
-2.02215
2.36139
0.451694
1.84859
3.76165
-1.05265
4.48623
-3.28725
2.00409
-2.84206
-1.23344
0.00441387
-3.34107
3.46537
-2.9274
4.10984
-0.201288
1.46627
2.08868
-2.08561
2.93934
-4.78439
2.38029
-5.47151
1.67339
-5.24435
1.51541
-4.80458
0.363972
-3.76362
-1.79566
-2.6694
-3.69317
-1.9224
-4.40637
-1.93607
-4.15478
-2.31828
-4.05085
-2.24292
-4.29396
-0.741056
-3.95208
1.33646
-1.61267
2.80775
1.56298
3.56389
2.89355
4.03377
1.62982
4.46479
1.06943
2.25245
1.91417
-0.775434
1.56358
-1.47093
-0.593304
0.672398
-2.59419
3.6367
-2.18398
4.50734
-1.54592
2.79306
-2.41073
-0.144213
-2.33137
-1.39508
-0.04925
-0.79712
3.51759
-0.140353
5.22673
-1.3534
3.15553
-3.12408
-0.457663
-3.01973
-3.54552
-0.739262
-4.42347
1.79414
-3.64338
3.99325
-2.23645
4.71164
0.166146
4.30717
2.56728
4.13169
3.23979
4.23313
1.55478
4.72627
-0.739232
5.07097
-1.6852
5.02273
-1.70577
3.84037
-2.29769
1.56612
-3.46068
-1.03515
-4.2769
-2.94289
-2.75082
-2.29726
0.279229
0.275124
1.85286
3.58918
1.2205
5.08736
0.289889
2.74412
1.12889
-0.734339
3.15418
-2.35115
4.32134
-0.816986
4.31289
2.29339
4.33313
3.49425
4.24388
1.50009
4.15835
-1.34478
4.07156
-2.33375
4.21738
-0.790471
4.47009
1.96872
4.67505
3.82869
2.95667
3.10917
-0.3388
1.31454
-3.38534
0.663133
-4.57626
2.1513
-4.09052
3.01214
-3.72406
0.953491
-2.27008
-0.998509
0.259003
-0.469489
2.89105
1.95198
4.13047
3.00929
4.13386
3.04906
4.02609
3.45166
2.55851
2.65317
-0.350756
0.0444276
-1.70325
-2.97377
-0.7483
-4.3949
0.431812
-3.88065
-0.677281
-2.78611
-3.48266
-0.6088
-4.82257
2.17066
-2.97682
4.15379
0.41141
4.10401
3.60036
1.44652
4.56244
-1.54637
3.97229
-2.22096
3.55142
-0.0202094
2.31238
2.9422
0.281049
4.39169
-2.07708
4.26319
-3.27687
4.19604
-3.14861
4.61302
-2.64478
4.62813
-2.84132
3.06584
-3.45896
0.205856
-2.99899
-2.35696
-1.21886
-3.50507
1.3738
-3.77043
2.38629
-3.76821
0.411776
-1.91349
-2.15277
0.901546
-2.18565
1.75906
0.0492052
-0.481305
2.35144
-3.46141
2.59374
-4.57599
1.95123
-4.24074
1.77315
-4.04791
0.644462
-4.02515
-1.56547
-3.4967
-3.97502
-1.35368
-4.88212
1.40858
-3.1439
3.54637
-0.0492303
3.68674
3.17192
1.27046
4.37141
-1.60561
2.23839
-3.8678
-0.938421
-4.89617
-2.42502
-4.66335
-0.977451
-4.56379
1.50419
-4.46266
2.69675
-4.41246
2.6231
-4.41212
2.61475
-4.21861
2.63766
-4.4466
2.42439
-4.68486
2.55444
-3.34473
2.9326
-0.287042
1.83214
3.06661
-0.348392
4.45545
-1.04491
1.7992
0.656972
-1.79389
1.31875
-2.42058
-0.56395
-0.0748267
-1.94732
1.53272
-0.136267
-0.272377
2.80072
-3.72873
3.70263
-4.97381
3.17648
-3.3107
3.37294
-0.747124
4.38426
-0.128645
4.99798
-1.42853
2.95155
-1.67386
-0.269745
0.473134
-1.85697
3.2995
-0.262652
3.73621
2.90522
1.20301
4.35618
-1.61515
4.43699
-2.23256
4.32164
-0.296166
2.50533
2.86907
-0.140151
4.57123
-1.19725
2.82519
0.378646
-0.314772
2.67354
-3.69851
3.38495
-4.86536
3.36518
-2.78464
3.87558
0.737459
3.05443
3.4839
0.640293
4.03253
-2.42569
2.03909
-4.00874
-0.619499
-3.84627
-2.9131
-3.21828
-3.78122
-3.13846
-2.38207
-3.68438
0.2084
-4.03476
2.42851
-3.57549
3.3964
-2.84281
3.43861
-2.47126
2.95299
-2.7242
1.28121
-3.1495
-0.934976
-3.70572
-1.22626
-3.9213
0.370681
-3.67956
0.951401
-3.54175
-0.629864
-3.60764
-1.14059
-3.63251
0.731315
-1.79044
1.63516
1.04085
-0.0142415
3.76559
-1.15074
4.89012
0.660499
2.81254
1.55706
-0.0979746
-0.315899
-1.08053
-1.72772
0.432195
0.0447895
1.63881
3.35492
0.550985
5.02373
-0.579855
4.79081
0.57056
4.60821
1.35512
4.68577
0.15537
4.9478
-0.453578
3.15596
0.982756
0.362436
1.70901
-0.70453
0.0652803
0.83766
-2.9561
1.8894
-4.24802
0.230406
-2.12427
-0.719624
0.726558
0.791029
1.5421
1.88621
-0.203932
0.560338
-3.19275
-0.626915
-4.28216
0.991611
-2.31204
3.81172
0.180013
5.16045
1.06928
5.00258
-0.4133
4.69768
-1.16429
2.90428
0.562099
0.0389081
1.70416
-2.82862
0.337134
-4.27659
-1.28037
-4.09118
-0.233766
-3.45863
2.75006
-1.3536
4.27856
1.20695
2.36866
1.5745
-0.931152
-0.040205
-3.7918
-0.982915
-4.96987
0.434264
-4.98981
1.12508
-5.00702
-0.716432
-3.25214
-3.07452
-0.0816027
-3.60137
2.84059
-2.94226
3.67395
-3.19573
1.46115
-4.1052
-1.38856
-4.67221
-1.97132
-2.78684
-0.2875
0.373102
0.772959
2.8489
-0.999219
3.22142
-4.12904
2.49741
-5.13248
2.7607
-3.02381
3.733
-0.269816
3.99041
0.338369
1.85778
-1.52795
-1.05518
-3.9576
-2.53523
-5.20897
-1.16753
-5.02168
1.57063
-4.69269
3.38179
-2.98032
4.11726
-0.756532
4.03345
-0.105516
2.1871
-1.63122
-0.808183
-3.72404
-3.94829
-4.08283
-5.33563
-1.78417
-3.67857
1.11365
-0.428551
3.165
2.9635
3.42536
4.22128
1.31003
2.39676
-1.52318
-0.708764
-3.3326
-3.39691
-3.80233
-4.52172
-3.26694
-4.43562
-3.10012
-4.38333
-3.28998
-4.43634
-3.36695
-4.42384
-3.31975
-4.55033
-3.16303
-4.70397
-2.90382
-5.00877
-2.68458
-5.0289
-3.09189
-3.17979
-3.90792
-0.066997
-2.8664
0.919785
-0.1253
-0.957902
1.32149
-2.19648
-0.237288
-0.434759
-1.62851
1.13246
-0.0716683
-0.459132
1.61069
-2.48055
0.0460863
-1.78358
-3.57599
1.2638
-5.31782
3.34902
-3.17185
2.15995
0.483643
-0.946179
1.78726
-2.59011
0.0583938
-1.13897
-1.52118
0.585325
-0.117833
-0.554834
1.70937
-3.46686
0.870768
-5.01715
-1.67298
-4.91376
-2.67645
-4.7591
-2.83828
-3.0557
-3.48107
0.197985
-2.71979
1.5176
0.173435
-0.238677
1.80253
-2.4837
0.307926
-2.03229
-3.1267
1.04594
-4.52407
3.39659
-2.42777
2.93525
1.10433
0.911412
4.21343
-2.0493
5.40825
-4.13111
3.43495
-3.18932
0.165659
-0.213709
-1.25989
2.92187
-0.173523
4.45742
2.21234
4.23588
3.36978
4.11764
3.18335
4.15959
3.10155
4.27944
3.15553
4.49895
3.0692
4.44178
3.01759
3.0952
3.43483
0.733134
4.25244
-2.04984
4.92354
-4.10185
3.36482
-3.20204
0.0926325
-0.0505947
-1.34072
1.76217
0.29795
0.310409
2.14343
-1.44567
0.953972
-1.14539
-2.40563
0.0560799
-4.29496
-0.967281
-3.50116
-3.44792
-2.07402
-4.56902
-1.74605
-2.94648
-2.7087
0.343225
-2.34015
2.04368
0.126614
0.672965
1.86112
-2.72833
1.32055
-4.33136
0.342728
-1.83698
1.00892
1.65032
2.66743
3.2349
3.49048
1.79413
3.86461
-1.11653
4.54627
-3.04143
3.20652
-2.28479
-0.0911346
-0.399559
-3.24522
0.576168
-4.79482
-0.736511
-4.23838
-3.48976
-3.07164
-4.56058
-0.851246
-2.41364
1.58914
0.925008
2.88038
3.7096
2.8205
4.59134
2.29787
4.59708
1.99935
4.22277
0.392939
2.36669
-1.94821
-0.73061
-3.34331
-3.47994
-3.19294
-4.58903
-2.30579
-4.62406
-2.06659
-4.53981
-2.47611
-3.03327
-3.56389
0.153903
-3.53936
3.27056
-1.97047
4.91631
0.399863
5.03273
1.40522
4.99084
1.46397
3.5972
2.22735
0.486979
1.89128
-1.41692
-0.380362
-0.733708
-3.62415
1.49705
-5.50508
2.47028
-5.59638
2.3579
-5.38325
2.88461
-4.04623
2.81609
-0.990621
1.64441
2.38397
-0.640039
4.24562
-2.64462
3.26229
-3.91213
0.842644
-4.65193
-1.64612
-3.4054
-3.61086
-0.135116
-3.52751
3.01235
-2.1473
4.70559
-0.261926
4.53465
0.90791
4.14074
1.30993
4.25079
1.26465
4.05131
0.0185768
3.18888
-2.17695
2.17728
-4.06961
1.33873
-4.74025
1.06279
-4.8567
1.48062
-5.04507
2.54978
-3.68065
2.26462
-0.615482
-0.15666
1.21572
-3.50715
1.01823
-5.09072
0.580449
-4.60714
1.91063
