0
0
0
0
0
0
0
0
0
0.00116969
0.00116969
0.00935524
0.00935524
0.0176129
0.991912
0.991912
0.986043
0.986043
0.984708
0.984708
0.976345
0.976345
0.976959
0.976959
0.989924
0.989924
0.97588
0.97588
0.967466
0.967466
0.976628
0.976628
0.977912
0.977912
0.982136
0.982136
0.987836
0.987836
0.986319
0.986319
0.968474
0.968474
0.973162
0.973162
0.976089
0.976089
0.982369
0.982369
0.985997
0.985997
0.972998
0.972998
0.994983
0.994983
0.984943
0.984943
0.987807
0.987807
0.991901
0.991901
0.982775
0.982775
0.980162
0.980162
0.986996
0.986996
0.989031
0.989031
0.974102
0.974102
0.980018
0.980018
0.970977
0.970977
0.956379
0.956379
0.968719
0.968719
0.972931
0.972931
0.961441
0.961441
0.985354
0.985354
0.973891
0.973891
0.957914
0.957914
0.964407
0.964407
0.965273
0.965273
0.97427
0.97427
0.97448
0.97448
0.97191
0.97191
0.949307
0.949307
0.9498
0.9498
0.959206
0.959206
0.959773
0.959773
0.94851
0.94851
0.972781
0.972781
0.96114
0.96114
0.952068
0.952068
0.972852
0.972852
0.980033
0.980033
0.979915
0.979915
0.97421
0.97421
0.978132
0.978132
0.982304
0.982304
0.954142
0.954142
0.94414
0.94414
0.9534
0.9534
0.949971
0.949971
0.954214
0.954214
0.963266
0.963266
0.953431
0.953431
0.955796
0.955796
0.951481
0.951481
0.948874
0.948874
0.950289
0.950289
0.937332
0.937332
0.933813
0.933813
0.953347
0.953347
0.931047
0.931047
0.933425
0.933425
0.94055
0.94055
0.941128
0.941128
0.954978
0.954978
0.943023
0.943023
0.940671
0.940671
0.963461
0.963461
0.962824
0.962824
0.954096
0.954096
0.960514
0.960514
0.94695
0.94695
0.94295
0.94295
0.925038
0.925038
0.937429
0.937429
0.926203
0.926203
0.918889
0.918889
0.927397
0.927397
0.915434
0.915434
0.906168
0.906168
0.932096
0.932096
0.922169
0.922169
0.91921
0.91921
0.909781
0.909781
0.932277
0.932277
0.934317
0.934317
0.913694
0.913694
0.917325
0.917325
0.941387
0.941387
0.930963
0.930963
0.929718
0.929718
0.928063
0.928063
0.924172
0.924172
0.924181
0.924181
0.929268
0.929268
0.927784
0.927784
0.926357
0.926357
0.92631
0.92631
0.916916
0.916916
0.918264
0.918264
0.902066
0.902066
0.898865
0.898865
0.898422
0.898422
0.912848
0.912848
0.914191
0.914191
0.898989
0.898989
0.897503
0.897503
0.911106
0.911106
0.914444
0.914444
0.913222
0.913222
0.9123
0.9123
0.899685
0.899685
0.913842
0.913842
0.912842
0.912842
0.914176
0.914176
0.910344
0.910344
0.911876
0.911876
0.910649
0.910649
0.920061
0.920061
0.919442
0.919442
0.909901
0.909901
0.8984
0.8984
0.910713
0.910713
0.899208
0.899208
0.899972
0.899972
0.925275
0.925275
0.902261
0.902261
0.91344
0.91344
0.912861
0.912861
0.914184
0.914184
0.922134
0.922134
0.924928
0.924928
0.902227
0.902227
0.909744
0.909744
0.922495
0.922495
0.90053
0.90053
0.916439
0.916439
0.919058
0.919058
0.931568
0.931568
0.9232
0.9232
0.92418
0.92418
0.93393
0.93393
0.926525
0.926525
0.93665
0.93665
0.922715
0.922715
0.918848
0.918848
0.914984
0.914984
0.914531
0.914531
0.922592
0.922592
0.909626
0.909626
0.907
0.907
0.890476
0.890476
0.889695
0.889695
0.91262
0.91262
0.896207
0.896207
0.907427
0.907427
0.889856
0.889856
0.906518
0.906518
0.917751
0.917751
0.904939
0.904939
0.907735
0.907735
0.888114
0.888114
0.902309
0.902309
0.897039
0.897039
0.881933
0.881933
0.888256
0.888256
0.88753
0.88753
0.893608
0.893608
0.86773
0.86773
0.878286
0.878286
0.891203
0.891203
0.880618
0.880618
0.884905
0.884905
0.883274
0.883274
0.860564
0.860564
0.870547
0.870547
0.868753
0.868753
0.865006
0.865006
0.871186
0.871186
0.882476
0.882476
0.858584
0.858584
0.850873
0.850873
0.857472
0.857472
0.867329
0.867329
0.864291
0.864291
0.868815
0.868815
0.868734
0.868734
0.87104
0.87104
0.865182
0.865182
0.860442
0.860442
0.869708
0.869708
0.867361
0.867361
0.8789
0.8789
0.855398
0.855398
0.859983
0.859983
0.862844
0.862844
0.858327
0.858327
0.861959
0.861959
0.840266
0.840266
0.846048
0.846048
0.827081
0.827081
0.822697
0.822697
0.830365
0.830365
0.831356
0.831356
0.821943
0.821943
0.815223
0.815223
0.82927
0.82927
0.855415
0.855415
0.85571
0.85571
0.845672
0.845672
0.842995
0.842995
0.854978
0.854978
0.857006
0.857006
0.857906
0.857906
0.872747
0.872747
0.861633
0.861633
0.869154
0.869154
0.871384
0.871384
0.867177
0.867177
0.862994
0.862994
0.874406
0.874406
0.859194
0.859194
0.880277
0.880277
0.86603
0.86603
0.869099
0.869099
0.876662
0.876662
0.882436
0.882436
0.887345
0.887345
0.885143
0.885143
0.887325
0.887325
0.877547
0.877547
0.877472
0.877472
0.853531
0.853531
0.846568
0.846568
0.850715
0.850715
0.857312
0.857312
0.858987
0.858987
0.845543
0.845543
0.859496
0.859496
0.861946
0.861946
0.847686
0.847686
0.872563
0.872563
0.874318
0.874318
0.887462
0.887462
0.87689
0.87689
0.872722
0.872722
0.887117
0.887117
0.886736
0.886736
0.891237
0.891237
0.879877
0.879877
0.895034
0.895034
0.890827
0.890827
0.89084
0.89084
0.912357
0.912357
0.902846
0.902846
0.899452
0.899452
0.898556
0.898556
0.896248
0.896248
0.923781
0.923781
0.922852
0.922852
0.90433
0.90433
0.908026
0.908026
0.908495
0.908495
0.908446
0.908446
0.91024
0.91024
0.930116
0.930116
0.906775
0.906775
0.914085
0.914085
0.926707
0.926707
0.918904
0.918904
0.927863
0.927863
0.927703
0.927703
0.920846
0.920846
0.918873
0.918873
0.906099
0.906099
0.91237
0.91237
0.89658
0.89658
0.893602
0.893602
0.901821
0.901821
0.892913
0.892913
0.87161
0.87161
0.881586
0.881586
0.873484
0.873484
0.866455
0.866455
0.893606
0.893606
0.892198
0.892198
0.876752
0.876752
0.887634
0.887634
0.882737
0.882737
0.886269
0.886269
0.863177
0.863177
0.874492
0.874492
0.863312
0.863312
0.867862
0.867862
0.890943
0.890943
0.882654
0.882654
0.875375
0.875375
0.871214
0.871214
0.865434
0.865434
0.870333
0.870333
0.86232
0.86232
0.875968
0.875968
0.874892
0.874892
0.877311
0.877311
0.877094
0.877094
0.875893
0.875893
0.865681
0.865681
0.868552
0.868552
0.853891
0.853891
0.865956
0.865956
0.890712
0.890712
0.880247
0.880247
0.866706
0.866706
0.859878
0.859878
0.876601
0.876601
0.880436
0.880436
0.88068
0.88068
0.862511
0.862511
0.866395
0.866395
0.881964
0.881964
0.89133
0.89133
0.868141
0.868141
0.877175
0.877175
0.87809
0.87809
0.884498
0.884498
0.886719
0.886719
0.88003
0.88003
0.878005
0.878005
0.881395
0.881395
0.885685
0.885685
0.881718
0.881718
0.875078
0.875078
0.879996
0.879996
0.864212
0.864212
0.866527
0.866527
0.857175
0.857175
0.867234
0.867234
0.868157
0.868157
0.862569
0.862569
0.867625
0.867625
0.888431
0.888431
0.875521
0.875521
0.863007
0.863007
0.862337
0.862337
0.860538
0.860538
0.879012
0.879012
0.873646
0.873646
0.881366
0.881366
0.894221
0.894221
0.892661
0.892661
0.889245
0.889245
0.881539
0.881539
0.889031
0.889031
0.872292
0.872292
0.879991
0.879991
0.874278
0.874278
0.88305
0.88305
0.858353
0.858353
0.869707
0.869707
0.860764
0.860764
0.868017
0.868017
0.8536
0.8536
0.865569
0.865569
0.848274
0.848274
0.855226
0.855226
0.839204
0.839204
0.859346
0.859346
0.840005
0.840005
0.860525
0.860525
0.840212
0.840212
0.844847
0.844847
0.844472
0.844472
0.844749
0.844749
0.844137
0.844137
0.848515
0.848515
0.841196
0.841196
0.841749
0.841749
0.855169
0.855169
0.854272
0.854272
0.882015
0.882015
0.863069
0.863069
0.854892
0.854892
0.868058
0.868058
0.866894
0.866894
0.876085
0.876085
0.881709
0.881709
0.873254
0.873254
0.873279
0.873279
0.899859
0.899859
0.88157
0.88157
0.902105
0.902105
0.88316
0.88316
0.894834
0.894834
0.902569
0.902569
0.903172
0.903172
0.902838
0.902838
0.899096
0.899096
0.905154
0.905154
0.908375
0.908375
0.916413
0.916413
0.917169
0.917169
0.940753
0.940753
0.931405
0.931405
0.936766
0.936766
0.928803
0.928803
0.947167
0.947167
0.960959
0.960959
0.944034
0.944034
0.954834
0.954834
0.934807
0.934807
0.953152
0.953152
0.946297
0.946297
0.959692
0.959692
0.938123
0.938123
0.944181
0.944181
0.948786
0.948786
0.928879
0.928879
0.941178
0.941178
0.937601
0.937601
0.933471
0.933471
0.944974
0.944974
0.951567
0.951567
0.943473
0.943473
0.970185
0.970185
0.966906
0.966906
0.963908
0.963908
0.986381
0.986381
0.972481
0.972481
0.969966
0.969966
0.968153
0.968153
0.978801
0.978801
0.98101
0.98101
0.987745
0.987745
0.98381
0.98381
0.980734
0.980734
0.976428
0.976428
0.988807
0.988807
0.988807
0.00308492
0.994935
0.994935
0.994935
0.00530894
0.00530894
0.00857444
0.00857444
0.0106998
0.995201
0.995201
0.98807
0.98807
0.996738
0.996738
0.989638
0.989638
0.979625
0.979625
0.981873
0.981873
0.984865
0.984865
0.969157
0.969157
0.978545
0.978545
0.96988
0.96988
0.991028
0.991028
0.975676
0.975676
0.990986
0.990986
0.972492
0.972492
0.983452
0.983452
0.969927
0.969927
0.973677
0.973677
0.97688
0.97688
0.980266
0.980266
0.959249
0.959249
0.975236
0.975236
0.964447
0.964447
0.975632
0.975632
0.985328
0.985328
0.986762
0.986762
0.990144
0.990144
0.97042
0.97042
0.983357
0.983357
0.966639
0.966639
0.982209
0.982209
0.992967
0.992967
0.998403
0.998403
0.975862
0.975862
0.982987
0.982987
0.990377
0.990377
0.976322
0.976322
0.980823
0.980823
0.985814
0.985814
0.992119
0.992119
0.983373
0.983373
0.9959
0.9959
0.983348
0.983348
0.983348
0.000886216
0.989195
0.989195
0.973491
0.973491
0.989066
0.989066
0.963835
0.963835
0.97859
0.97859
0.972183
0.972183
0.973325
0.973325
0.973863
0.973863
0.976447
0.976447
0.979152
0.979152
0.951617
0.951617
0.95159
0.95159
0.960783
0.960783
0.978333
0.978333
0.984081
0.984081
0.988042
0.988042
0.984748
0.984748
0.981678
0.981678
0.981678
0.00795837
0.00795837
0.00227463
0.00227463
0.0230144
0.0230144
0.00216361
0.00216361
0.00631044
0.00631044
0.00352581
0.00352581
0.0154434
0.999286
0.999286
0.999286
0.0223647
0.0223647
0.0046569
0.0046569
0.00185582
0.00185582
0.000283784
0.000283784
0.00130112
0.00130112
0.00548827
0.999809
0.999809
0.99984
0.99984
0.999831
0.999831
0.999535
0.999535
0.999535
0.0177985
0.0177985
0.00812469
0.00812469
0.0266763
0.0266763
0.0121682
0.0121682
0.00912079
0.00912079
0.00301773
0.984202
0.984202
0.998773
0.998773
0.991063
0.991063
0.995073
0.995073
0.986495
0.986495
0.991111
0.991111
0.998509
0.998509
0.987728
0.987728
0.987728
6.61144e-05
6.61144e-05
0.0125055
0.0125055
0.00571432
0.00571432
0.00809765
0.991836
0.991836
0.999473
0.999473
0.999473
0.00898636
0.989808
0.989808
0.974955
0.974955
0.987
0.987
0.959581
0.959581
0.958491
0.958491
0.971183
0.971183
0.982909
0.982909
0.980234
0.980234
0.984591
0.984591
0.979514
0.979514
0.98798
0.98798
0.972621
0.972621
0.993766
0.993766
0.981504
0.981504
0.979195
0.979195
0.96479
0.96479
0.976313
0.976313
0.980098
0.980098
0.970066
0.970066
0.984714
0.984714
0.991194
0.991194
0.992605
0.992605
0.992605
0.0057419
0.988148
0.988148
0.998286
0.998286
0.996175
0.996175
0.993714
0.993714
0.989784
0.989784
0.99658
0.99658
0.99658
0.00958749
0.00958749
0.0082196
0.0082196
0.00807126
0.00807126
0.00058982
0.00058982
0.00713298
0.00713298
0.0096409
0.0096409
0.00176362
0.00176362
0.00567241
0.989279
0.989279
0.99131
0.99131
0.99131
0.00557056
0.00557056
0.003917
0.988069
0.988069
0.988069
0.00200641
0.988905
0.988905
0.988905
0.00413202
0.00413202
0.00442562
0.00442562
0.0180779
0.0180779
0.0233884
0.0233884
0.0129069
0.0129069
0.035841
0.035841
0.0308851
0.0308851
0.0247191
0.0247191
0.0345209
0.0345209
0.0273533
0.0273533
0.0311133
0.0311133
0.0240158
0.0240158
0.0299161
0.0299161
0.0264384
0.0264384
0.0239013
0.0239013
0.0392022
0.0392022
0.0488782
0.0488782
0.0307938
0.0307938
0.0399939
0.0399939
0.0350048
0.0350048
0.0394509
0.0394509
0.0293267
0.0293267
0.0363347
0.0363347
0.0117737
0.0117737
0.0264405
0.0264405
0.0110671
0.995993
0.995993
0.995993
0.00164167
0.996261
0.996261
0.996261
0.0107446
0.0107446
0.0306079
0.0306079
0.0390206
0.0390206
0.0503848
0.0503848
0.0329953
0.0329953
0.044106
0.044106
0.0708236
0.0708236
0.0653892
0.0653892
0.0611715
0.0611715
0.0634702
0.0634702
0.0637336
0.0637336
0.0713077
0.0713077
0.074968
0.074968
0.0727075
0.0727075
0.0793742
0.0793742
0.0762471
0.0762471
0.072356
0.072356
0.0897656
0.0897656
0.0929992
0.0929992
0.0823196
0.0823196
0.0793745
0.0793745
0.108296
0.108296
0.0896602
0.0896602
0.102521
0.102521
0.116591
0.116591
0.111312
0.111312
0.11456
0.11456
0.112451
0.112451
0.11651
0.11651
0.127882
0.127882
0.105753
0.105753
0.102022
0.102022
0.120426
0.120426
0.103101
0.103101
0.0963137
0.0963137
0.115402
0.115402
0.107169
0.107169
0.116797
0.116797
0.105684
0.105684
0.105597
0.105597
0.111209
0.111209
0.122878
0.122878
0.135979
0.135979
0.125074
0.125074
0.124818
0.124818
0.129519
0.129519
0.128301
0.128301
0.134056
0.134056
0.121816
0.121816
0.126761
0.126761
0.120506
0.120506
0.12505
0.12505
0.140543
0.140543
0.131
0.131
0.117778
0.117778
0.117746
0.117746
0.137078
0.137078
0.1222
0.1222
0.122122
0.122122
0.12176
0.12176
0.117775
0.117775
0.126637
0.126637
0.119536
0.119536
0.107223
0.107223
0.12837
0.12837
0.119692
0.119692
0.128514
0.128514
0.119631
0.119631
0.123818
0.123818
0.128067
0.128067
0.102554
0.102554
0.112561
0.112561
0.114387
0.114387
0.114645
0.114645
0.116255
0.116255
0.119818
0.119818
0.113925
0.113925
0.117463
0.117463
0.132124
0.132124
0.126724
0.126724
0.134038
0.134038
0.156545
0.156545
0.139338
0.139338
0.133258
0.133258
0.13887
0.13887
0.135998
0.135998
0.152282
0.152282
0.147439
0.147439
0.142135
0.142135
0.128054
0.128054
0.12321
0.12321
0.150233
0.150233
0.142687
0.142687
0.161146
0.161146
0.156805
0.156805
0.15771
0.15771
0.157071
0.157071
0.151941
0.151941
0.154163
0.154163
0.144446
0.144446
0.153668
0.153668
0.175089
0.175089
0.170593
0.170593
0.179577
0.179577
0.159575
0.159575
0.168905
0.168905
0.178412
0.178412
0.182001
0.182001
0.164328
0.164328
0.167519
0.167519
0.169997
0.169997
0.167569
0.167569
0.165935
0.165935
0.174618
0.174618
0.176235
0.176235
0.162029
0.162029
0.140798
0.140798
0.14424
0.14424
0.144338
0.144338
0.129813
0.129813
0.125656
0.125656
0.147958
0.147958
0.128671
0.128671
0.150113
0.150113
0.153649
0.153649
0.152083
0.152083
0.158786
0.158786
0.158113
0.158113
0.164604
0.164604
0.166252
0.166252
0.166828
0.166828
0.157005
0.157005
0.165889
0.165889
0.189045
0.189045
0.17266
0.17266
0.196318
0.196318
0.193921
0.193921
0.201826
0.201826
0.217239
0.217239
0.205186
0.205186
0.219885
0.219885
0.221279
0.221279
0.224304
0.224304
0.20984
0.20984
0.192892
0.192892
0.201606
0.201606
0.206435
0.206435
0.212353
0.212353
0.212019
0.212019
0.213154
0.213154
0.20927
0.20927
0.198059
0.198059
0.218333
0.218333
0.198653
0.198653
0.193582
0.193582
0.211839
0.211839
0.194799
0.194799
0.203747
0.203747
0.196561
0.196561
0.196572
0.196572
0.203188
0.203188
0.205605
0.205605
0.17647
0.17647
0.173454
0.173454
0.179259
0.179259
0.172936
0.172936
0.179077
0.179077
0.182316
0.182316
0.187275
0.187275
0.176952
0.176952
0.179372
0.179372
0.176202
0.176202
0.180084
0.180084
0.185238
0.185238
0.182398
0.182398
0.167227
0.167227
0.182785
0.182785
0.16922
0.16922
0.157185
0.157185
0.153661
0.153661
0.177012
0.177012
0.183909
0.183909
0.178443
0.178443
0.18555
0.18555
0.181852
0.181852
0.179776
0.179776
0.185986
0.185986
0.1812
0.1812
0.178129
0.178129
0.182492
0.182492
0.183112
0.183112
0.166655
0.166655
0.157522
0.157522
0.17683
0.17683
0.161073
0.161073
0.1459
0.1459
0.159707
0.159707
0.153294
0.153294
0.159336
0.159336
0.153147
0.153147
0.16998
0.16998
0.174256
0.174256
0.199955
0.199955
0.183822
0.183822
0.188953
0.188953
0.193181
0.193181
0.186049
0.186049
0.168459
0.168459
0.174724
0.174724
0.195795
0.195795
0.213987
0.213987
0.216565
0.216565
0.207716
0.207716
0.210394
0.210394
0.22498
0.22498
0.221684
0.221684
0.219389
0.219389
0.23852
0.23852
0.237396
0.237396
0.22227
0.22227
0.225502
0.225502
0.232167
0.232167
0.225595
0.225595
0.254982
0.254982
0.251395
0.251395
0.244255
0.244255
0.222731
0.222731
0.22672
0.22672
0.227509
0.227509
0.228458
0.228458
0.212602
0.212602
0.230708
0.230708
0.230059
0.230059
0.224731
0.224731
0.233347
0.233347
0.238834
0.238834
0.236406
0.236406
0.233694
0.233694
0.217022
0.217022
0.240367
0.240367
0.240403
0.240403
0.23581
0.23581
0.257912
0.257912
0.260864
0.260864
0.262263
0.262263
0.258948
0.258948
0.245065
0.245065
0.265741
0.265741
0.276067
0.276067
0.265949
0.265949
0.278357
0.278357
0.272324
0.272324
0.270566
0.270566
0.277397
0.277397
0.256312
0.256312
0.267019
0.267019
0.255002
0.255002
0.266459
0.266459
0.245273
0.245273
0.255791
0.255791
0.254944
0.254944
0.246879
0.246879
0.248095
0.248095
0.257017
0.257017
0.25442
0.25442
0.255432
0.255432
0.255266
0.255266
0.256825
0.256825
0.256815
0.256815
0.271876
0.271876
0.25579
0.25579
0.271111
0.271111
0.256399
0.256399
0.261415
0.261415
0.259342
0.259342
0.251959
0.251959
0.253511
0.253511
0.254381
0.254381
0.272222
0.272222
0.272445
0.272445
0.25516
0.25516
0.253096
0.253096
0.259321
0.259321
0.272498
0.272498
0.241991
0.241991
0.239886
0.239886
0.231161
0.231161
0.247549
0.247549
0.245901
0.245901
0.245973
0.245973
0.247997
0.247997
0.238639
0.238639
0.251521
0.251521
0.243867
0.243867
0.244362
0.244362
0.226482
0.226482
0.230598
0.230598
0.240501
0.240501
0.224429
0.224429
0.225229
0.225229
0.243448
0.243448
0.248419
0.248419
0.239892
0.239892
0.237084
0.237084
0.23361
0.23361
0.258717
0.258717
0.253306
0.253306
0.256866
0.256866
0.266129
0.266129
0.267615
0.267615
0.273917
0.273917
0.283978
0.283978
0.282547
0.282547
0.269409
0.269409
0.26445
0.26445
0.264517
0.264517
0.279954
0.279954
0.262008
0.262008
0.2675
0.2675
0.272314
0.272314
0.245056
0.245056
0.244931
0.244931
0.250811
0.250811
0.237687
0.237687
0.253838
0.253838
0.254613
0.254613
0.249427
0.249427
0.266471
0.266471
0.260953
0.260953
0.264021
0.264021
0.239954
0.239954
0.231181
0.231181
0.249663
0.249663
0.223048
0.223048
0.238775
0.238775
0.225602
0.225602
0.246139
0.246139
0.24871
0.24871
0.231775
0.231775
0.243678
0.243678
0.244105
0.244105
0.233162
0.233162
0.241616
0.241616
0.246214
0.246214
0.238394
0.238394
0.238888
0.238888
0.234637
0.234637
0.2365
0.2365
0.232868
0.232868
0.240971
0.240971
0.21378
0.21378
0.210686
0.210686
0.215924
0.215924
0.217032
0.217032
0.218062
0.218062
0.226363
0.226363
0.208889
0.208889
0.225439
0.225439
0.200538
0.200538
0.199168
0.199168
0.198535
0.198535
0.190769
0.190769
0.201671
0.201671
0.182665
0.182665
0.194044
0.194044
0.171529
0.171529
0.186323
0.186323
0.186235
0.186235
0.191177
0.191177
0.20173
0.20173
0.186727
0.186727
0.197265
0.197265
0.187379
0.187379
0.188189
0.188189
0.174683
0.174683
0.185194
0.185194
0.165799
0.165799
0.159716
0.159716
0.135257
0.135257
0.146578
0.146578
0.143765
0.143765
0.128764
0.128764
0.136829
0.136829
0.131515
0.131515
0.127681
0.127681
0.130083
0.130083
0.128638
0.128638
0.127341
0.127341
0.120773
0.120773
0.125351
0.125351
0.134574
0.134574
0.112268
0.112268
0.102227
0.102227
0.105201
0.105201
0.0924644
0.0924644
0.115518
0.115518
0.0893304
0.0893304
0.0863433
0.0863433
0.0994835
0.0994835
0.102299
0.102299
0.0993317
0.0993317
0.0879568
0.0879568
0.0904493
0.0904493
0.0734085
0.0734085
0.0772547
0.0772547
0.0660847
0.0660847
0.0857537
0.0857537
0.0724863
0.0724863
0.0776054
0.0776054
0.0642265
0.0642265
0.063147
0.063147
0.062636
0.062636
0.0622496
0.0622496
0.0696106
0.0696106
0.0428223
0.0428223
0.0456408
0.0456408
0.0424975
0.0424975
0.023308
0.023308
0.0393293
0.0393293
0.0267055
0.0267055
0.0348128
0.0348128
0.0339428
0.0339428
0.0251715
0.0251715
0.0228894
0.0228894
0.0220781
0.0220781
0.0185503
0.0185503
0.0164854
0.0164854
0.0128823
0.0128823
0.0109519
0.990543
0.990543
0.998015
0.998015
0.997803
0.997803
0.991789
0.991789
0.991789
0.00259609
0.981306
0.981306
0.997849
0.997849
0.994339
0.994339
0.995631
0.995631
0.985633
0.985633
0.990743
0.990743
0.980244
0.980244
0.966529
0.966529
0.976226
0.976226
0.974581
0.974581
0.963808
0.963808
0.983695
0.983695
0.958323
0.958323
0.966826
0.966826
0.954074
0.954074
0.973383
0.973383
0.970037
0.970037
0.971364
0.971364
0.962026
0.962026
0.959433
0.959433
0.956121
0.956121
0.940484
0.940484
0.949439
0.949439
0.933968
0.933968
0.944324
0.944324
0.954382
0.954382
0.92876
0.92876
0.937453
0.937453
0.93775
0.93775
0.945577
0.945577
0.931334
0.931334
0.940783
0.940783
0.917289
0.917289
0.91866
0.91866
0.94221
0.94221
0.929628
0.929628
0.927766
0.927766
0.92664
0.92664
0.920767
0.920767
0.932681
0.932681
0.910505
0.910505
0.921841
0.921841
0.928704
0.928704
0.928686
0.928686
0.916768
0.916768
0.913563
0.913563
0.920554
0.920554
0.895647
0.895647
0.899089
0.899089
0.900108
0.900108
0.901828
0.901828
0.911913
0.911913
0.897161
0.897161
0.894381
0.894381
0.89848
0.89848
0.89919
0.89919
0.90128
0.90128
0.898572
0.898572
0.900345
0.900345
0.908794
0.908794
0.897935
0.897935
0.890214
0.890214
0.906532
0.906532
0.916644
0.916644
0.892239
0.892239
0.909557
0.909557
0.882091
0.882091
0.899006
0.899006
0.880921
0.880921
0.885332
0.885332
0.884148
0.884148
0.881782
0.881782
0.88366
0.88366
0.879252
0.879252
0.865533
0.865533
0.855945
0.855945
0.852684
0.852684
0.863916
0.863916
0.853917
0.853917
0.866541
0.866541
0.848055
0.848055
0.845175
0.845175
0.857835
0.857835
0.870724
0.870724
0.863114
0.863114
0.849014
0.849014
0.854296
0.854296
0.84804
0.84804
0.874776
0.874776
0.856571
0.856571
0.867274
0.867274
0.865032
0.865032
0.854637
0.854637
0.851574
0.851574
0.854762
0.854762
0.836728
0.836728
0.843867
0.843867
0.858365
0.858365
0.837603
0.837603
0.843252
0.843252
0.842582
0.842582
0.832057
0.832057
0.83459
0.83459
0.822595
0.822595
0.838521
0.838521
0.833413
0.833413
0.826303
0.826303
0.824634
0.824634
0.848318
0.848318
0.837152
0.837152
0.819738
0.819738
0.838039
0.838039
0.821807
0.821807
0.818108
0.818108
0.822121
0.822121
0.803552
0.803552
0.810517
0.810517
0.807331
0.807331
0.810973
0.810973
0.827253
0.827253
0.821657
0.821657
0.817012
0.817012
0.820869
0.820869
0.824969
0.824969
0.817052
0.817052
0.798561
0.798561
0.807598
0.807598
0.829502
0.829502
0.834276
0.834276
0.847834
0.847834
0.836121
0.836121
0.81886
0.81886
0.836083
0.836083
0.823776
0.823776
0.827142
0.827142
0.832558
0.832558
0.815459
0.815459
0.809059
0.809059
0.803934
0.803934
0.803203
0.803203
0.80588
0.80588
0.802347
0.802347
0.804771
0.804771
0.813897
0.813897
0.808443
0.808443
0.81663
0.81663
0.810741
0.810741
0.818709
0.818709
0.810118
0.810118
0.819844
0.819844
0.813997
0.813997
0.816001
0.816001
0.802608
0.802608
0.817969
0.817969
0.804144
0.804144
0.802908
0.802908
0.81447
0.81447
0.839485
0.839485
0.82871
0.82871
0.835383
0.835383
0.806557
0.806557
0.807437
0.807437
0.804981
0.804981
0.799735
0.799735
0.810143
0.810143
0.800633
0.800633
0.804214
0.804214
0.792338
0.792338
0.791149
0.791149
0.80374
0.80374
0.801428
0.801428
0.800347
0.800347
0.805056
0.805056
0.788231
0.788231
0.776856
0.776856
0.783826
0.783826
0.795776
0.795776
0.797129
0.797129
0.781979
0.781979
0.797052
0.797052
0.777753
0.777753
0.783684
0.783684
0.788976
0.788976
0.790814
0.790814
0.788087
0.788087
0.77431
0.77431
0.794226
0.794226
0.766094
0.766094
0.769071
0.769071
0.764473
0.764473
0.788736
0.788736
0.78665
0.78665
0.775656
0.775656
0.774476
0.774476
0.786462
0.786462
0.777888
0.777888
0.757999
0.757999
0.769651
0.769651
0.769007
0.769007
0.781001
0.781001
0.785388
0.785388
0.768882
0.768882
0.769037
0.769037
0.766439
0.766439
0.761979
0.761979
0.790654
0.790654
0.771963
0.771963
0.780679
0.780679
0.794265
0.794265
0.798257
0.798257
0.797609
0.797609
0.789636
0.789636
0.771541
0.771541
0.779351
0.779351
0.779789
0.779789
0.759961
0.759961
0.781186
0.781186
0.753951
0.753951
0.768521
0.768521
0.763926
0.763926
0.750728
0.750728
0.756209
0.756209
0.755396
0.755396
0.746058
0.746058
0.739494
0.739494
0.743539
0.743539
0.727305
0.727305
0.723472
0.723472
0.745731
0.745731
0.732874
0.732874
0.734863
0.734863
0.748569
0.748569
0.741368
0.741368
0.741656
0.741656
0.745505
0.745505
0.730628
0.730628
0.732212
0.732212
0.742299
0.742299
0.735245
0.735245
0.753577
0.753577
0.738097
0.738097
0.760152
0.760152
0.746683
0.746683
0.758572
0.758572
0.770849
0.770849
0.761128
0.761128
0.761221
0.761221
0.776436
0.776436
0.761218
0.761218
0.775271
0.775271
0.772829
0.772829
0.769851
0.769851
0.791903
0.791903
0.794937
0.794937
0.779198
0.779198
0.798751
0.798751
0.791688
0.791688
0.791646
0.791646
0.785357
0.785357
0.785451
0.785451
0.78259
0.78259
0.790248
0.790248
0.799495
0.799495
0.799121
0.799121
0.79173
0.79173
0.799633
0.799633
0.813276
0.813276
0.789622
0.789622
0.786241
0.786241
0.808662
0.808662
0.804243
0.804243
0.793984
0.793984
0.792864
0.792864
0.789217
0.789217
0.791264
0.791264
0.785613
0.785613
0.788849
0.788849
0.7991
0.7991
0.798361
0.798361
0.798257
0.798257
0.79069
0.79069
0.797858
0.797858
0.783524
0.783524
0.779702
0.779702
0.782029
0.782029
0.80637
0.80637
0.792205
0.792205
0.797988
0.797988
0.783734
0.783734
0.79499
0.79499
0.794058
0.794058
0.792543
0.792543
0.797633
0.797633
0.787174
0.787174
0.806569
0.806569
0.794388
0.794388
0.801665
0.801665
0.805938
0.805938
0.816564
0.816564
0.806472
0.806472
0.816466
0.816466
0.814242
0.814242
0.806101
0.806101
0.807424
0.807424
0.807364
0.807364
0.80928
0.80928
0.796262
0.796262
0.81162
0.81162
0.801897
0.801897
0.808523
0.808523
0.826935
0.826935
0.826738
0.826738
0.828562
0.828562
0.815557
0.815557
0.812919
0.812919
0.825572
0.825572
0.815163
0.815163
0.820766
0.820766
0.837839
0.837839
0.834773
0.834773
0.837317
0.837317
0.826775
0.826775
0.839193
0.839193
0.842283
0.842283
0.842885
0.842885
0.834425
0.834425
0.848741
0.848741
0.848906
0.848906
0.849625
0.849625
0.8607
0.8607
0.852738
0.852738
0.839935
0.839935
0.853519
0.853519
0.86427
0.86427
0.856067
0.856067
0.844488
0.844488
0.860286
0.860286
0.870498
0.870498
0.86031
0.86031
0.851177
0.851177
0.875793
0.875793
0.854415
0.854415
0.87878
0.87878
0.857004
0.857004
0.877796
0.877796
0.875926
0.875926
0.874484
0.874484
0.875648
0.875648
0.876793
0.876793
0.867008
0.867008
0.855162
0.855162
0.856571
0.856571
0.85863
0.85863
0.864275
0.864275
0.893086
0.893086
0.867581
0.867581
0.865877
0.865877
0.869864
0.869864
0.885877
0.885877
0.897412
0.897412
0.886977
0.886977
0.876119
0.876119
0.879503
0.879503
0.906633
0.906633
0.884845
0.884845
0.908565
0.908565
0.883265
0.883265
0.895485
0.895485
0.906409
0.906409
0.906069
0.906069
0.90516
0.90516
0.898568
0.898568
0.913761
0.913761
0.890161
0.890161
0.888711
0.888711
0.892118
0.892118
0.908083
0.908083
0.916427
0.916427
0.905492
0.905492
0.895959
0.895959
0.912338
0.912338
0.902213
0.902213
0.915808
0.915808
0.930508
0.930508
0.909592
0.909592
0.921529
0.921529
0.932839
0.932839
0.910477
0.910477
0.929331
0.929331
0.928526
0.928526
0.909721
0.909721
0.928731
0.928731
0.926382
0.926382
0.917918
0.917918
0.921558
0.921558
0.930468
0.930468
0.922191
0.922191
0.915767
0.915767
0.938568
0.938568
0.940043
0.940043
0.923033
0.923033
0.947631
0.947631
0.939239
0.939239
0.938618
0.938618
0.939847
0.939847
0.949993
0.949993
0.949797
0.949797
0.939092
0.939092
0.94639
0.94639
0.951315
0.951315
0.931543
0.931543
0.943743
0.943743
0.945155
0.945155
0.934318
0.934318
0.949308
0.949308
0.949923
0.949923
0.951068
0.951068
0.936819
0.936819
0.949527
0.949527
0.96181
0.96181
0.952067
0.952067
0.949743
0.949743
0.951883
0.951883
0.938765
0.938765
0.950505
0.950505
0.96121
0.96121
0.950906
0.950906
0.93821
0.93821
0.961254
0.961254
0.936394
0.936394
0.946579
0.946579
0.958333
0.958333
0.947933
0.947933
0.957244
0.957244
0.959656
0.959656
0.939179
0.939179
0.958677
0.958677
0.945359
0.945359
0.932512
0.932512
0.945559
0.945559
0.955563
0.955563
0.957059
0.957059
0.935428
0.935428
0.947851
0.947851
0.959639
0.959639
0.937195
0.937195
0.949651
0.949651
0.96078
0.96078
0.937839
0.937839
0.95547
0.95547
0.946654
0.946654
0.960215
0.960215
0.951894
0.951894
0.961216
0.961216
0.953309
0.953309
0.95634
0.95634
0.963973
0.963973
0.952928
0.952928
0.94147
0.94147
0.9534
0.9534
0.939984
0.939984
0.960668
0.960668
0.936895
0.936895
0.954327
0.954327
0.941892
0.941892
0.940957
0.940957
0.951827
0.951827
0.951837
0.951837
0.95465
0.95465
0.931758
0.931758
0.938386
0.938386
0.925343
0.925343
0.926347
0.926347
0.942827
0.942827
0.94474
0.94474
0.944805
0.944805
0.942154
0.942154
0.933091
0.933091
0.953886
0.953886
0.942003
0.942003
0.927623
0.927623
0.938596
0.938596
0.941271
0.941271
0.944505
0.944505
0.957837
0.957837
0.937635
0.937635
0.947682
0.947682
0.947365
0.947365
0.947159
0.947159
0.953388
0.953388
0.95306
0.95306
0.943649
0.943649
0.952203
0.952203
0.94239
0.94239
0.94369
0.94369
0.944665
0.944665
0.944753
0.944753
0.933439
0.933439
0.944741
0.944741
0.942694
0.942694
0.941927
0.941927
0.927814
0.927814
0.948482
0.948482
0.934033
0.934033
0.939726
0.939726
0.941546
0.941546
0.933109
0.933109
0.944381
0.944381
0.93603
0.93603
0.922415
0.922415
0.934775
0.934775
0.93428
0.93428
0.933497
0.933497
0.92041
0.92041
0.932388
0.932388
0.931952
0.931952
0.917518
0.917518
0.917208
0.917208
0.942399
0.942399
0.916663
0.916663
0.92747
0.92747
0.914793
0.914793
0.927816
0.927816
0.936259
0.936259
0.927407
0.927407
0.928487
0.928487
0.929602
0.929602
0.941464
0.941464
0.917109
0.917109
0.928113
0.928113
0.913705
0.913705
0.915116
0.915116
0.937934
0.937934
0.936725
0.936725
0.926411
0.926411
0.913144
0.913144
0.924824
0.924824
0.926106
0.926106
0.924849
0.924849
0.914055
0.914055
0.927728
0.927728
0.935943
0.935943
0.935949
0.935949
0.929528
0.929528
0.939902
0.939902
0.915837
0.915837
0.925182
0.925182
0.913898
0.913898
0.928231
0.928231
0.935858
0.935858
0.934997
0.934997
0.926313
0.926313
0.926379
0.926379
0.912313
0.912313
0.923053
0.923053
0.922967
0.922967
0.908909
0.908909
0.910347
0.910347
0.93407
0.93407
0.922768
0.922768
0.920563
0.920563
0.920137
0.920137
0.917708
0.917708
0.926577
0.926577
0.917475
0.917475
0.916986
0.916986
0.91629
0.91629
0.926987
0.926987
0.917934
0.917934
0.917169
0.917169
0.926009
0.926009
0.925993
0.925993
0.917314
0.917314
0.9047
0.9047
0.916222
0.916222
0.904014
0.904014
0.916016
0.916016
0.906151
0.906151
0.919996
0.919996
0.920332
0.920332
0.91998
0.91998
0.921199
0.921199
0.933622
0.933622
0.90788
0.90788
0.90439
0.90439
0.905789
0.905789
0.910099
0.910099
0.933405
0.933405
0.92072
0.92072
0.908157
0.908157
0.908861
0.908861
0.923697
0.923697
0.925388
0.925388
0.936433
0.936433
0.91222
0.91222
0.911573
0.911573
0.935071
0.935071
0.923735
0.923735
0.934696
0.934696
0.923208
0.923208
0.923283
0.923283
0.921853
0.921853
0.920604
0.920604
0.921748
0.921748
0.930455
0.930455
0.928993
0.928993
0.920769
0.920769
0.909252
0.909252
0.910227
0.910227
0.923285
0.923285
0.909417
0.909417
0.932534
0.932534
0.907411
0.907411
0.916227
0.916227
0.916538
0.916538
0.916446
0.916446
0.926802
0.926802
0.915009
0.915009
0.916352
0.916352
0.904829
0.904829
0.918312
0.918312
0.906121
0.906121
0.918952
0.918952
0.921845
0.921845
0.909022
0.909022
0.920732
0.920732
0.931127
0.931127
0.920979
0.920979
0.922138
0.922138
0.935007
0.935007
0.91495
0.91495
0.937505
0.937505
0.927289
0.927289
0.927831
0.927831
0.937628
0.937628
0.93429
0.93429
0.936697
0.936697
0.930701
0.930701
0.928865
0.928865
0.93
0.93
0.91638
0.91638
0.926629
0.926629
0.928804
0.928804
0.931451
0.931451
0.931743
0.931743
0.919636
0.919636
0.931878
0.931878
0.929679
0.929679
0.938552
0.938552
0.930608
0.930608
0.943821
0.943821
0.933305
0.933305
0.943751
0.943751
0.922277
0.922277
0.931982
0.931982
0.942508
0.942508
0.933043
0.933043
0.930961
0.930961
0.940952
0.940952
0.920235
0.920235
0.943104
0.943104
0.919345
0.919345
0.931178
0.931178
0.930285
0.930285
0.939485
0.939485
0.939409
0.939409
0.929116
0.929116
0.929619
0.929619
0.931745
0.931745
0.917857
0.917857
0.91616
0.91616
0.928515
0.928515
0.928856
0.928856
0.928135
0.928135
0.927324
0.927324
0.925514
0.925514
0.924941
0.924941
0.934622
0.934622
0.926178
0.926178
0.929005
0.929005
0.928675
0.928675
0.930208
0.930208
0.918813
0.918813
0.938099
0.938099
0.935709
0.935709
0.936607
0.936607
0.928835
0.928835
0.940395
0.940395
0.929229
0.929229
0.91509
0.91509
0.916432
0.916432
0.930481
0.930481
0.933545
0.933545
0.945117
0.945117
0.922669
0.922669
0.933222
0.933222
0.920918
0.920918
0.922534
0.922534
0.945161
0.945161
0.933595
0.933595
0.933901
0.933901
0.933272
0.933272
0.932295
0.932295
0.929998
0.929998
0.926891
0.926891
0.914593
0.914593
0.927399
0.927399
0.93768
0.93768
0.927575
0.927575
0.928643
0.928643
0.915972
0.915972
0.937639
0.937639
0.913295
0.913295
0.931057
0.931057
0.919763
0.919763
0.929961
0.929961
0.927433
0.927433
0.927668
0.927668
0.919144
0.919144
0.918459
0.918459
0.917519
0.917519
0.902984
0.902984
0.903342
0.903342
0.917638
0.917638
0.905247
0.905247
0.919552
0.919552
0.907537
0.907537
0.91719
0.91719
0.919864
0.919864
0.907743
0.907743
0.917568
0.917568
0.917268
0.917268
0.917606
0.917606
0.908758
0.908758
0.934217
0.934217
0.909747
0.909747
0.907362
0.907362
0.922178
0.922178
0.922142
0.922142
0.932085
0.932085
0.92237
0.92237
0.909559
0.909559
0.922969
0.922969
0.92222
0.92222
0.911556
0.911556
0.935213
0.935213
0.922457
0.922457
0.921018
0.921018
0.922137
0.922137
0.929726
0.929726
0.932337
0.932337
0.910504
0.910504
0.921887
0.921887
0.921855
0.921855
0.922434
0.922434
0.921172
0.921172
0.921841
0.921841
0.929864
0.929864
0.918325
0.918325
0.920403
0.920403
0.930211
0.930211
0.920413
0.920413
0.92176
0.92176
0.92771
0.92771
0.927785
0.927785
0.908889
0.908889
0.917371
0.917371
0.906482
0.906482
0.919005
0.919005
0.917027
0.917027
0.927593
0.927593
0.919569
0.919569
0.916813
0.916813
0.916453
0.916453
0.927177
0.927177
0.917268
0.917268
0.902647
0.902647
0.902189
0.902189
0.917791
0.917791
0.916955
0.916955
0.904852
0.904852
0.917556
0.917556
0.903492
0.903492
0.916845
0.916845
0.906166
0.906166
0.929643
0.929643
0.917777
0.917777
0.917372
0.917372
0.917097
0.917097
0.915873
0.915873
0.92749
0.92749
0.904664
0.904664
0.901778
0.901778
0.904192
0.904192
0.918992
0.918992
0.920779
0.920779
0.921184
0.921184
0.905836
0.905836
0.905675
0.905675
0.917707
0.917707
0.916308
0.916308
0.927728
0.927728
0.905133
0.905133
0.91446
0.91446
0.91453
0.91453
0.925674
0.925674
0.91705
0.91705
0.915148
0.915148
0.914004
0.914004
0.914886
0.914886
0.914931
0.914931
0.917198
0.917198
0.918399
0.918399
0.917162
0.917162
0.917969
0.917969
0.903135
0.903135
0.913166
0.913166
0.922175
0.922175
0.921075
0.921075
0.923222
0.923222
0.903362
0.903362
0.925085
0.925085
0.899972
0.899972
0.897701
0.897701
0.911564
0.911564
0.921648
0.921648
0.919961
0.919961
0.909325
0.909325
0.898642
0.898642
0.923055
0.923055
0.897375
0.897375
0.896918
0.896918
0.92162
0.92162
0.908262
0.908262
0.916866
0.916866
0.90619
0.90619
0.90492
0.90492
0.916188
0.916188
0.90744
0.90744
0.89359
0.89359
0.912995
0.912995
0.910635
0.910635
0.9039
0.9039
0.889928
0.889928
0.910391
0.910391
0.898131
0.898131
0.897658
0.897658
0.887861
0.887861
0.908274
0.908274
0.898355
0.898355
0.907039
0.907039
0.897315
0.897315
0.908247
0.908247
0.898028
0.898028
0.89916
0.89916
0.898428
0.898428
0.898006
0.898006
0.898707
0.898707
0.897871
0.897871
0.882983
0.882983
0.88151
0.88151
0.883376
0.883376
0.884197
0.884197
0.899104
0.899104
0.885765
0.885765
0.885009
0.885009
0.885576
0.885576
0.888703
0.888703
0.90273
0.90273
0.901549
0.901549
0.888855
0.888855
0.888867
0.888867
0.903303
0.903303
0.891609
0.891609
0.902505
0.902505
0.888458
0.888458
0.889631
0.889631
0.903271
0.903271
0.902813
0.902813
0.902922
0.902922
0.902755
0.902755
0.901721
0.901721
0.887516
0.887516
0.885254
0.885254
0.886568
0.886568
0.900912
0.900912
0.902665
0.902665
0.902827
0.902827
0.890585
0.890585
0.893065
0.893065
0.916184
0.916184
0.90435
0.90435
0.906183
0.906183
0.894722
0.894722
0.90718
0.90718
0.909707
0.909707
0.916942
0.916942
0.906457
0.906457
0.909493
0.909493
0.919697
0.919697
0.90938
0.90938
0.908987
0.908987
0.907986
0.907986
0.896053
0.896053
0.908123
0.908123
0.907816
0.907816
0.894413
0.894413
0.907231
0.907231
0.907839
0.907839
0.894352
0.894352
0.904258
0.904258
0.893529
0.893529
0.905963
0.905963
0.89371
0.89371
0.906131
0.906131
0.907206
0.907206
0.918181
0.918181
0.907362
0.907362
0.907492
0.907492
0.894443
0.894443
0.893913
0.893913
0.918566
0.918566
0.89212
0.89212
0.891035
0.891035
0.904723
0.904723
0.904813
0.904813
0.913704
0.913704
0.904723
0.904723
0.906184
0.906184
0.904608
0.904608
0.916395
0.916395
0.896793
0.896793
0.917375
0.917375
0.905187
0.905187
0.904979
0.904979
0.904917
0.904917
0.914422
0.914422
0.907257
0.907257
0.91779
0.91779
0.906159
0.906159
0.905611
0.905611
0.893748
0.893748
0.905711
0.905711
0.905896
0.905896
0.913107
0.913107
0.903423
0.903423
0.914772
0.914772
0.890916
0.890916
0.889968
0.889968
0.903578
0.903578
0.905486
0.905486
0.914068
0.914068
0.903357
0.903357
0.903635
0.903635
0.8898
0.8898
0.890448
0.890448
0.905354
0.905354
0.914685
0.914685
0.902303
0.902303
0.902819
0.902819
0.903788
0.903788
0.889327
0.889327
0.901021
0.901021
0.899982
0.899982
0.898756
0.898756
0.899334
0.899334
0.908712
0.908712
0.883767
0.883767
0.891015
0.891015
0.898722
0.898722
0.890061
0.890061
0.898146
0.898146
0.887513
0.887513
0.901891
0.901891
0.878112
0.878112
0.889265
0.889265
0.887925
0.887925
0.889132
0.889132
0.896278
0.896278
0.897288
0.897288
0.875215
0.875215
0.871887
0.871887
0.872369
0.872369
0.886613
0.886613
0.88705
0.88705
0.886528
0.886528
0.875252
0.875252
0.891002
0.891002
0.889156
0.889156
0.898033
0.898033
0.899971
0.899971
0.880718
0.880718
0.893458
0.893458
0.893599
0.893599
0.880304
0.880304
0.89194
0.89194
0.904499
0.904499
0.896368
0.896368
0.895092
0.895092
0.896428
0.896428
0.905986
0.905986
0.89638
0.89638
0.894831
0.894831
0.895021
0.895021
0.881847
0.881847
0.906478
0.906478
0.878559
0.878559
0.885591
0.885591
0.897043
0.897043
0.886545
0.886545
0.894768
0.894768
0.886538
0.886538
0.89858
0.89858
0.887267
0.887267
0.885472
0.885472
0.874954
0.874954
0.888491
0.888491
0.898806
0.898806
0.875423
0.875423
0.874805
0.874805
0.900227
0.900227
0.87635
0.87635
0.89733
0.89733
0.885426
0.885426
0.886058
0.886058
0.894843
0.894843
0.894223
0.894223
0.886161
0.886161
0.894588
0.894588
0.896595
0.896595
0.874758
0.874758
0.874336
0.874336
0.88698
0.88698
0.884197
0.884197
0.887686
0.887686
0.885854
0.885854
0.887539
0.887539
0.875041
0.875041
0.887846
0.887846
0.897356
0.897356
0.8967
0.8967
0.887845
0.887845
0.889841
0.889841
0.901327
0.901327
0.875708
0.875708
0.874149
0.874149
0.888301
0.888301
0.878604
0.878604
0.899586
0.899586
0.888386
0.888386
0.890072
0.890072
0.891527
0.891527
0.892454
0.892454
0.894865
0.894865
0.904233
0.904233
0.893383
0.893383
0.88168
0.88168
0.894493
0.894493
0.895388
0.895388
0.89641
0.89641
0.907302
0.907302
0.886313
0.886313
0.906673
0.906673
0.895934
0.895934
0.884645
0.884645
0.906137
0.906137
0.905003
0.905003
0.897428
0.897428
0.907442
0.907442
0.897321
0.897321
0.89634
0.89634
0.883505
0.883505
0.897614
0.897614
0.908364
0.908364
0.898108
0.898108
0.906931
0.906931
0.900125
0.900125
0.888931
0.888931
0.910424
0.910424
0.898924
0.898924
0.897834
0.897834
0.885506
0.885506
0.903729
0.903729
0.904218
0.904218
0.882659
0.882659
0.882056
0.882056
0.905662
0.905662
0.892989
0.892989
0.893639
0.893639
0.894571
0.894571
0.893625
0.893625
0.895717
0.895717
0.902317
0.902317
0.898825
0.898825
0.899435
0.899435
0.900729
0.900729
0.892542
0.892542
0.891511
0.891511
0.876484
0.876484
0.875518
0.875518
0.877844
0.877844
0.892727
0.892727
0.89236
0.89236
0.878813
0.878813
0.878675
0.878675
0.893513
0.893513
0.893251
0.893251
0.894138
0.894138
0.891792
0.891792
0.880462
0.880462
0.894371
0.894371
0.89439
0.89439
0.894772
0.894772
0.893126
0.893126
0.893922
0.893922
0.895415
0.895415
0.904502
0.904502
0.903713
0.903713
0.894933
0.894933
0.882122
0.882122
0.895935
0.895935
0.883549
0.883549
0.885972
0.885972
0.911032
0.911032
0.886502
0.886502
0.896579
0.896579
0.897625
0.897625
0.89657
0.89657
0.90566
0.90566
0.908122
0.908122
0.884806
0.884806
0.894331
0.894331
0.907746
0.907746
0.884803
0.884803
0.896173
0.896173
0.898604
0.898604
0.909341
0.909341
0.898507
0.898507
0.898703
0.898703
0.906025
0.906025
0.89535
0.89535
0.907538
0.907538
0.897646
0.897646
0.897532
0.897532
0.895941
0.895941
0.896071
0.896071
0.908546
0.908546
0.898279
0.898279
0.895945
0.895945
0.881972
0.881972
0.884517
0.884517
0.909328
0.909328
0.895576
0.895576
0.906188
0.906188
0.883509
0.883509
0.892827
0.892827
0.906241
0.906241
0.896669
0.896669
0.895737
0.895737
0.896984
0.896984
0.907659
0.907659
0.894688
0.894688
0.881336
0.881336
0.894898
0.894898
0.898013
0.898013
0.908981
0.908981
0.886718
0.886718
0.898659
0.898659
0.90597
0.90597
0.895387
0.895387
0.905443
0.905443
0.906652
0.906652
0.886666
0.886666
0.899212
0.899212
0.89802
0.89802
0.896907
0.896907
0.896514
0.896514
0.909222
0.909222
0.885356
0.885356
0.883424
0.883424
0.896593
0.896593
0.907665
0.907665
0.898915
0.898915
0.896351
0.896351
0.885384
0.885384
0.909218
0.909218
0.896992
0.896992
0.896831
0.896831
0.90695
0.90695
0.896207
0.896207
0.906868
0.906868
0.885388
0.885388
0.896233
0.896233
0.894609
0.894609
0.896496
0.896496
0.895337
0.895337
0.894195
0.894195
0.893227
0.893227
0.879927
0.879927
0.881249
0.881249
0.895369
0.895369
0.897783
0.897783
0.89607
0.89607
0.882037
0.882037
0.883457
0.883457
0.905795
0.905795
0.903909
0.903909
0.894195
0.894195
0.894008
0.894008
0.894549
0.894549
0.893879
0.893879
0.881126
0.881126
0.892563
0.892563
0.891522
0.891522
0.899504
0.899504
0.900106
0.900106
0.890608
0.890608
0.891313
0.891313
0.90503
0.90503
0.882116
0.882116
0.892345
0.892345
0.880252
0.880252
0.89109
0.89109
0.891
0.891
0.891236
0.891236
0.889959
0.889959
0.889768
0.889768
0.888356
0.888356
0.888039
0.888039
0.885768
0.885768
0.870252
0.870252
0.869685
0.869685
0.883992
0.883992
0.893132
0.893132
0.8948
0.8948
0.87272
0.87272
0.872869
0.872869
0.899248
0.899248
0.874556
0.874556
0.885821
0.885821
0.886486
0.886486
0.883841
0.883841
0.892657
0.892657
0.883421
0.883421
0.891291
0.891291
0.888566
0.888566
0.891051
0.891051
0.871029
0.871029
0.881662
0.881662
0.881189
0.881189
0.868553
0.868553
0.880321
0.880321
0.891497
0.891497
0.871205
0.871205
0.881765
0.881765
0.871353
0.871353
0.895146
0.895146
0.883118
0.883118
0.882748
0.882748
0.883098
0.883098
0.890544
0.890544
0.891122
0.891122
0.88321
0.88321
0.882827
0.882827
0.8712
0.8712
0.884525
0.884525
0.885509
0.885509
0.883192
0.883192
0.894662
0.894662
0.885991
0.885991
0.884374
0.884374
0.883132
0.883132
0.882728
0.882728
0.882088
0.882088
0.869802
0.869802
0.880401
0.880401
0.889858
0.889858
0.879793
0.879793
0.868272
0.868272
0.88161
0.88161
0.8936
0.8936
0.872126
0.872126
0.895229
0.895229
0.881312
0.881312
0.869558
0.869558
0.88983
0.88983
0.887268
0.887268
0.890067
0.890067
0.871617
0.871617
0.890532
0.890532
0.879545
0.879545
0.867587
0.867587
0.878475
0.878475
0.888503
0.888503
0.879635
0.879635
0.891327
0.891327
0.86976
0.86976
0.893058
0.893058
0.868835
0.868835
0.881569
0.881569
0.889324
0.889324
0.888212
0.888212
0.887248
0.887248
0.889594
0.889594
0.869168
0.869168
0.880046
0.880046
0.865622
0.865622
0.866723
0.866723
0.883109
0.883109
0.895341
0.895341
0.887975
0.887975
0.87461
0.87461
0.876325
0.876325
0.901133
0.901133
0.889238
0.889238
0.875542
0.875542
0.888508
0.888508
0.888334
0.888334
0.902341
0.902341
0.879672
0.879672
0.900826
0.900826
0.885907
0.885907
0.895759
0.895759
0.887256
0.887256
0.893603
0.893603
0.894141
0.894141
0.885844
0.885844
0.882766
0.882766
0.881652
0.881652
0.86829
0.86829
0.880002
0.880002
0.867128
0.867128
0.865767
0.865767
0.868364
0.868364
0.883667
0.883667
0.882816
0.882816
0.882611
0.882611
0.870724
0.870724
0.883631
0.883631
0.871055
0.871055
0.870362
0.870362
0.883294
0.883294
0.872489
0.872489
0.883872
0.883872
0.881972
0.881972
0.871175
0.871175
0.886447
0.886447
0.897959
0.897959
0.873674
0.873674
0.883725
0.883725
0.883609
0.883609
0.870668
0.870668
0.891141
0.891141
0.876481
0.876481
0.878592
0.878592
0.8677
0.8677
0.889322
0.889322
0.874906
0.874906
0.876128
0.876128
0.875761
0.875761
0.875596
0.875596
0.877055
0.877055
0.877414
0.877414
0.875724
0.875724
0.876101
0.876101
0.875227
0.875227
0.876787
0.876787
0.875113
0.875113
0.884323
0.884323
0.884664
0.884664
0.884312
0.884312
0.883937
0.883937
0.887664
0.887664
0.864809
0.864809
0.862599
0.862599
0.862153
0.862153
0.864059
0.864059
0.881524
0.881524
0.88096
0.88096
0.867101
0.867101
0.868811
0.868811
0.873501
0.873501
0.895293
0.895293
0.895518
0.895518
0.872482
0.872482
0.870947
0.870947
0.887197
0.887197
0.886862
0.886862
0.887457
0.887457
0.887246
0.887246
0.874506
0.874506
0.896168
0.896168
0.893857
0.893857
0.894445
0.894445
0.895221
0.895221
0.886538
0.886538
0.886638
0.886638
0.872024
0.872024
0.874068
0.874068
0.889756
0.889756
0.889711
0.889711
0.902212
0.902212
0.880075
0.880075
0.880579
0.880579
0.89522
0.89522
0.893451
0.893451
0.893958
0.893958
0.894831
0.894831
0.894006
0.894006
0.895017
0.895017
0.896518
0.896518
0.896136
0.896136
0.905544
0.905544
0.895426
0.895426
0.896429
0.896429
0.905717
0.905717
0.908213
0.908213
0.887693
0.887693
0.90722
0.90722
0.907474
0.907474
0.886429
0.886429
0.89634
0.89634
0.906045
0.906045
0.895348
0.895348
0.897329
0.897329
0.898459
0.898459
0.910059
0.910059
0.888529
0.888529
0.907156
0.907156
0.905107
0.905107
0.897487
0.897487
0.906271
0.906271
0.905318
0.905318
0.896877
0.896877
