0
0
0
0
0
0
0
0
-0.000222985
-0.000225846
-0.00164634
-0.0016678
-0.00221807
-0.00224668
0.00921904
0.005817
0.00589332
0.0118248
0.0119781
0.0124611
0.0126188
0.0106218
0.0107512
0.0193841
0.0196253
0.0195004
0.0197368
0.0218847
0.0221463
0.0248563
0.02515
0.0243718
0.0246514
0.0265202
0.0268208
0.0209748
0.0211945
0.0187133
0.0188975
0.0272469
0.0275385
0.0267039
0.0269806
0.0282984
0.0285888
0.0326776
0.033018
0.0329035
0.0332379
0.0320722
0.0323869
0.0368017
0.0371702
0.0283052
0.0285524
0.0255604
0.0257649
0.0301488
0.0304083
0.0354272
0.0357493
0.0345443
0.0348462
0.0344548
0.0347477
0.0364508
0.0367622
0.0360681
0.0363663
0.0365701
0.036867
0.0356863
0.0359637
0.0362604
0.0365382
0.0371926
0.0374753
0.0344701
0.0347095
0.0352354
0.0354786
0.0434269
0.0437714
0.0457215
0.046087
0.0520879
0.0525275
0.060048
0.0605806
0.0690259
0.0696622
0.0600068
0.060508
0.05895
0.0594242
0.06195
0.0624511
0.0692557
0.0698395
0.0717788
0.0723803
0.067251
0.0677773
0.0628756
0.0633306
0.0653506
0.0658261
0.0568681
0.0572197
0.0648226
0.0652694
0.0618977
0.0622944
0.0662573
0.0667007
0.069185
0.0696552
0.0718188
0.0723112
0.0733493
0.0738489
0.0819079
0.0825065
0.0791435
0.0796901
0.0880887
0.0887382
0.0932146
0.0939141
0.0881719
0.088787
0.0892341
0.0898469
0.0865704
0.0871322
0.0784173
0.0788574
0.0839251
0.0844258
0.079485
0.0799144
0.0891577
0.0897025
0.0914119
0.091972
0.0914695
0.0920156
0.0965563
0.0971547
0.095811
0.0963838
0.103631
0.104292
0.0971706
0.0977288
0.102654
0.103269
0.101734
0.102321
0.101097
0.101661
0.0961113
0.0965945
0.097126
0.0976098
0.101217
0.101742
0.108823
0.109434
0.111016
0.111639
0.114119
0.114766
0.114841
0.115481
0.127129
0.127912
0.130087
0.130889
0.131331
0.132128
0.130787
0.131556
0.131216
0.13197
0.130329
0.131052
0.130735
0.131443
0.137418
0.138195
0.135992
0.13673
0.144304
0.145131
0.139038
0.139775
0.149582
0.150437
0.14411
0.144871
0.155426
0.156314
0.161624
0.16257
0.160108
0.16101
0.161066
0.161956
0.17234
0.173353
0.17755
0.178604
0.179716
0.180771
0.180124
0.181156
0.184283
0.185342
0.188933
0.190024
0.185944
0.186968
0.188196
0.189221
0.190471
0.191499
0.192136
0.193159
0.192982
0.193989
0.202496
0.203599
0.204025
0.205119
0.209343
0.210477
0.208842
0.20994
0.20606
0.207093
0.208874
0.209916
0.216682
0.217797
0.221558
0.222707
0.219903
0.221
0.217463
0.2185
0.217673
0.218686
0.224254
0.225325
0.224757
0.225807
0.221013
0.221986
0.226314
0.22733
0.22582
0.226803
0.224248
0.225184
0.231912
0.232924
0.225341
0.226241
0.226011
0.226896
0.226607
0.227476
0.227146
0.227999
0.231021
0.231902
0.231397
0.23226
0.237851
0.238775
0.242373
0.24333
0.234627
0.23546
0.240757
0.241646
0.237365
0.238187
0.242855
0.243727
0.24557
0.246454
0.247653
0.24854
0.250538
0.251439
0.246
0.246819
0.247114
0.247926
0.244569
0.245327
0.248997
0.249792
0.250969
0.251769
0.251272
0.252054
0.242709
0.24336
0.2454
0.246069
0.246451
0.247116
0.244823
0.245449
0.247332
0.247975
0.255063
0.255788
0.250849
0.251501
0.249499
0.250116
0.252201
0.252837
0.256298
0.256971
0.259548
0.260245
0.250985
0.251552
0.251359
0.251916
0.253311
0.253879
0.251346
0.251873
0.261184
0.261825
0.257623
0.258201
0.256352
0.256899
0.26225
0.262859
0.259602
0.26016
0.25742
0.257936
0.249534
0.249933
0.252268
0.252692
0.261973
0.262513
0.257101
0.257563
0.264079
0.264619
0.258309
0.25876
0.258242
0.25868
0.255216
0.255603
0.259272
0.259702
0.251486
0.251803
0.257664
0.258053
0.252063
0.252369
0.252969
0.253279
0.257189
0.257546
0.256842
0.257185
0.252078
0.252349
0.254828
0.255129
0.256258
0.256569
0.258229
0.258558
0.25423
0.254498
0.25503
0.255301
0.250156
0.250356
0.246292
0.246437
0.249439
0.249621
0.246901
0.247045
0.247396
0.247542
0.249638
0.24981
0.246845
0.246976
0.248133
0.248277
0.252147
0.252341
0.248398
0.248537
0.247091
0.247209
0.249973
0.250125
0.250276
0.250429
0.244394
0.244465
0.241212
0.24124
0.242113
0.242152
0.244196
0.244261
0.244294
0.244359
0.252044
0.252209
0.246339
0.246425
0.243825
0.243875
0.243007
0.243046
0.243051
0.243088
0.238197
0.23817
0.235337
0.235273
0.241105
0.241118
0.235153
0.235088
0.228358
0.228206
0.227134
0.226969
0.226038
0.225863
0.229665
0.229542
0.226391
0.226228
0.221673
0.221452
0.216736
0.216456
0.20908
0.208706
0.207598
0.207214
0.201459
0.201004
0.19378
0.193235
0.193235
0.192697
0.186991
0.186385
0.181257
0.18059
0.181859
0.181218
0.177188
0.176502
0.180647
0.180024
0.180706
0.180101
0.181761
0.181186
0.180638
0.180063
0.185838
0.185347
0.18918
0.188746
0.194241
0.193886
0.192912
0.192549
0.190859
0.190478
0.183917
0.183454
0.182786
0.18232
0.179973
0.179482
0.173193
0.172625
0.164265
0.163594
0.162533
0.161857
0.160384
0.159697
0.162253
0.161608
0.160413
0.159761
0.157122
0.156444
0.151131
0.150391
0.142293
0.141455
0.147196
0.146445
0.14419
0.143419
0.135345
0.134477
0.131009
0.130106
0.125196
0.124239
0.125957
0.125036
0.1254
0.124496
0.122943
0.12203
0.117359
0.116396
0.111306
0.110288
0.118955
0.118065
0.121149
0.120312
0.119579
0.118743
0.120643
0.119843
0.108276
0.107333
0.105419
0.104464
0.112492
0.111655
0.111565
0.110738
0.107725
0.106869
0.112485
0.111714
0.11221
0.111456
0.122049
0.121445
0.117449
0.1168
0.118503
0.117886
0.115624
0.114984
0.10497
0.104206
0.101938
0.101154
0.102982
0.102233
0.108582
0.107926
0.106326
0.105658
0.101089
0.100369
0.0979785
0.0972364
0.0980554
0.0973338
0.0924322
0.0916552
0.0892067
0.0884075
0.08447
0.0836291
0.0815196
0.0806618
0.080008
0.0791528
0.0783278
0.0774729
0.0758196
0.074954
0.0645401
0.0635482
0.0630133
0.0620272
0.0651517
0.0642199
0.0667276
0.0658412
0.0611799
0.0602434
0.0581878
0.0572365
0.0494427
0.0484008
0.0465824
0.0455301
0.0537555
0.0528257
0.0502464
0.0492947
0.0411322
0.0400853
0.0451632
0.0441971
0.0504329
0.0495618
0.0504671
0.0496193
0.051424
0.0506111
0.0537289
0.0529678
0.0501194
0.0493307
0.0511399
0.0503854
0.0488854
0.0481211
0.0515572
0.0508483
0.0545134
0.0538621
0.0585818
0.0580013
0.0589551
0.0583948
0.0587539
0.0582057
0.0544652
0.0538748
0.0517037
0.0510925
0.0428499
0.0421379
0.0476478
0.0470179
0.038597
0.0378643
0.036471
0.0357296
0.0334952
0.0327341
0.0326682
0.0319161
0.0296027
0.0288301
0.0317395
0.0310153
0.0288072
0.0280635
0.0210483
0.0202219
0.0178255
0.0169784
0.0100565
0.00912933
0.00610809
0.00515337
0.00652913
0.00560507
-0.00217039
-0.00318462
-0.00734925
-0.00840493
-0.00403815
-0.00502233
-2.68618e-06
-0.0009082
-0.00141365
-0.00231391
-0.00617578
-0.00711465
-0.00869436
-0.0096418
-0.0117474
-0.0127101
-0.0137108
-0.014674
-0.00948588
-0.010368
-0.0130204
-0.0139259
-0.0158306
-0.0167494
-0.0163513
-0.0172524
-0.0177992
-0.018696
-0.019875
-0.0207751
-0.0233136
-0.0242356
-0.0322089
-0.0332231
-0.0335395
-0.0345446
-0.0398619
-0.0409234
-0.0436461
-0.0447294
-0.0466862
-0.0477807
-0.0436299
-0.0446556
-0.0432521
-0.0442459
-0.048638
-0.0496763
-0.051164
-0.0522079
-0.0572471
-0.0583435
-0.0566344
-0.0576937
-0.0601375
-0.0612151
-0.0631559
-0.0642442
-0.0623797
-0.0634295
-0.0672365
-0.0683221
-0.0612636
-0.0622426
-0.0630369
-0.0640134
-0.0727371
-0.0738147
-0.0725906
-0.0736378
-0.0795827
-0.0806939
-0.077395
-0.0784485
-0.0825118
-0.0836042
-0.0854216
-0.0865233
-0.0774473
-0.0784157
-0.0755161
-0.0764337
-0.0815294
-0.0825018
-0.0743055
-0.0751576
-0.082142
-0.0830744
-0.074529
-0.0753373
-0.082573
-0.083465
-0.0866135
-0.0875351
-0.092899
-0.0938784
-0.0992714
-0.100308
-0.106058
-0.107156
-0.114023
-0.115196
-0.115331
-0.116491
-0.119562
-0.120746
-0.1237
-0.124906
-0.128449
-0.129685
-0.135772
-0.137071
-0.127931
-0.129094
-0.133734
-0.134941
-0.138459
-0.139696
-0.142493
-0.14375
-0.140377
-0.141574
-0.148845
-0.15012
-0.151044
-0.152314
-0.155894
-0.157194
-0.164447
-0.165823
-0.15843
-0.159692
-0.167634
-0.168981
-0.16081
-0.162033
-0.168694
-0.169988
-0.171222
-0.172514
-0.1691
-0.17033
-0.167416
-0.168592
-0.165972
-0.167099
-0.168492
-0.169622
-0.174055
-0.175227
-0.183792
-0.185059
-0.184598
-0.185843
-0.195241
-0.19659
-0.198204
-0.199556
-0.192333
-0.193573
-0.198136
-0.199419
-0.202175
-0.203476
-0.202626
-0.203899
-0.211762
-0.213119
-0.214566
-0.215923
-0.206465
-0.207682
-0.217066
-0.218387
-0.220076
-0.221402
-0.215626
-0.216859
-0.225361
-0.226687
-0.2327
-0.234086
-0.229003
-0.230305
-0.236929
-0.238298
-0.232605
-0.233882
-0.230306
-0.23152
-0.234877
-0.236118
-0.23297
-0.234154
-0.243237
-0.244522
-0.246716
-0.248012
-0.255135
-0.256505
-0.252468
-0.253767
-0.258502
-0.259844
-0.268499
-0.269933
-0.263919
-0.265258
-0.266894
-0.268235
-0.269244
-0.27058
-0.267938
-0.269222
-0.262715
-0.263898
-0.258966
-0.26007
-0.264601
-0.265749
-0.275258
-0.276512
-0.283883
-0.285214
-0.292559
-0.293965
-0.29449
-0.295884
-0.297277
-0.300954
-0.302945
-0.304372
-0.305798
-0.305053
-0.306451
-0.312134
-0.313585
-0.31411
-0.320902
-0.322407
-0.322814
-0.324303
-0.317682
-0.319067
-0.315548
-0.316869
-0.317097
-0.318404
-0.317121
-0.318394
-0.323625
-0.324946
-0.330219
-0.331589
-0.328849
-0.330165
-0.324855
-0.326086
-0.334817
-0.336142
-0.328384
-0.329593
-0.335028
-0.336289
-0.340106
-0.341399
-0.335496
-0.336696
-0.334067
-0.335218
-0.328416
-0.329463
-0.324267
-0.325234
-0.331373
-0.332406
-0.328379
-0.329346
-0.334273
-0.33529
-0.338684
-0.339731
-0.337281
-0.338282
-0.332208
-0.333118
-0.328095
-0.328928
-0.335706
-0.336615
-0.33933
-0.340261
-0.33217
-0.332986
-0.341561
-0.342476
-0.341368
-0.342256
-0.338749
-0.33958
-0.347418
-0.348338
-0.342399
-0.34323
-0.350922
-0.35184
-0.348285
-0.349146
-0.347731
-0.348562
-0.355094
-0.355998
-0.359559
-0.360495
-0.359692
-0.360605
-0.355044
-0.355874
-0.359641
-0.360509
-0.366196
-0.367124
-0.368052
-0.367081
-0.371868
-0.372821
-0.368484
-0.369368
-0.37931
-0.380309
-0.373678
-0.374579
-0.376458
-0.377371
-0.375264
-0.376137
-0.38399
-0.384951
-0.379034
-0.379907
-0.375761
-0.376569
-0.381547
-0.382408
-0.386509
-0.387411
-0.392126
-0.393076
-0.398851
-0.399861
-0.400518
-0.401523
-0.40467
-0.4057
-0.405944
-0.406963
-0.40743
-0.408442
-0.416029
-0.417123
-0.418216
-0.416239
-0.417292
-0.409104
-0.410038
-0.415015
-0.416
-0.418516
-0.41952
-0.420042
-0.421039
-0.424532
-0.425559
-0.417975
-0.427757
-0.428786
-0.429815
-0.431004
-0.432033
-0.437922
-0.439012
-0.437737
-0.438795
-0.444839
-0.445959
-0.442048
-0.443103
-0.447072
-0.4445
-0.445544
-0.447973
-0.449033
-0.45218
-0.453265
-0.451332
-0.452378
-0.453423
-0.456058
-0.457121
-0.46422
-0.465358
-0.465824
-0.466951
-0.4694
-0.470543
-0.470229
-0.471352
-0.479662
-0.47406
-0.475186
-0.480058
-0.481229
-0.476942
-0.478043
-0.471432
-0.472435
-0.470959
-0.47193
-0.468158
-0.469068
-0.472514
-0.473454
-0.479588
-0.480593
-0.481598
-0.483238
-0.484249
-0.489567
-0.490631
-0.492545
-0.493618
-0.500619
-0.507035
-0.508245
-0.502281
-0.503399
-0.504516
-0.509801
-0.515575
-0.516798
-0.513611
-0.514778
-0.522037
-0.523277
-0.524931
-0.526173
-0.529916
-0.531187
-0.531753
-0.533013
-0.531655
-0.532881
-0.539188
-0.540473
-0.543012
-0.544311
-0.549447
-0.550789
-0.546943
-0.54822
-0.555839
-0.55719
-0.558314
-0.559659
-0.561267
-0.562612
-0.570605
-0.572026
-0.56573
-0.567055
-0.564111
-0.565383
-0.568422
-0.569712
-0.576207
-0.577557
-0.579234
-0.580585
-0.583353
-0.584717
-0.583759
-0.585092
-0.586424
-0.591897
-0.594814
-0.596209
-0.593101
-0.594439
-0.601601
-0.603004
-0.60271
-0.60409
-0.602774
-0.604118
-0.607116
-0.608476
-0.609835
-0.6141
-0.615489
-0.617822
-0.619218
-0.618536
-0.619904
-0.616728
-0.618039
-0.617365
-0.618649
-0.623257
-0.624577
-0.626009
-0.627326
-0.633565
-0.638086
-0.639493
-0.638925
-0.640304
-0.641681
-0.642101
-0.643463
-0.650833
-0.64651
-0.647868
-0.649224
-0.653726
-0.649008
-0.650324
-0.651638
-0.655403
-0.656742
-0.654294
-0.655585
-0.651917
-0.653146
-0.656327
-0.657575
-0.654347
-0.655539
-0.663414
-0.664681
-0.660824
-0.662027
-0.665095
-0.666316
-0.673649
-0.674938
-0.674327
-0.67559
-0.673145
-0.674361
-0.677429
-0.678664
-0.67951
-0.680736
-0.683278
-0.684515
-0.690707
-0.691997
-0.694255
-0.695552
-0.702884
-0.704244
-0.709821
-0.711223
-0.714503
-0.715921
-0.720683
-0.722132
-0.724786
-0.726241
-0.724826
-0.726244
-0.732659
-0.734125
-0.733206
-0.734639
-0.739355
-0.740817
-0.745663
-0.743225
-0.744671
-0.746113
-0.749977
-0.752591
-0.754061
-0.755527
-0.761227
-0.76273
-0.762498
-0.763975
-0.768305
-0.769803
-0.765934
-0.767368
-0.772516
-0.773981
-0.77854
-0.780028
-0.777561
-0.779
-0.779556
-0.780978
-0.777185
-0.778545
-0.78108
-0.782445
-0.784185
-0.785546
-0.789444
-0.790824
-0.792998
-0.794378
-0.797328
-0.798715
-0.796758
-0.798103
-0.803352
-0.804729
-0.802258
-0.803587
-0.805747
-0.807077
-0.811006
-0.812353
-0.812667
-0.813995
-0.820295
-0.821663
-0.81987
-0.821199
-0.822866
-0.82419
-0.824776
-0.826083
-0.828943
-0.830257
-0.830478
-0.831772
-0.830063
-0.831318
-0.836317
-0.8376
-0.834594
-0.835827
-0.840115
-0.841369
-0.843645
-0.8449
-0.848493
-0.849761
-0.849085
-0.850325
-0.852456
-0.853694
-0.857257
-0.858507
-0.858783
-0.860014
-0.857951
-0.859142
-0.862431
-0.863632
-0.865905
-0.867106
-0.867062
-0.868241
-0.869598
-0.87077
-0.867897
-0.869023
-0.871975
-0.873108
-0.874461
-0.875586
-0.874792
-0.875891
-0.875838
-0.876917
-0.877199
-0.878262
-0.883492
-0.884584
-0.887103
-0.888198
-0.890459
-0.891553
-0.891646
-0.892721
-0.892362
-0.893415
-0.896525
-0.897586
-0.896761
-0.897796
-0.897116
-0.898126
-0.900735
-0.90175
-0.901061
-0.902052
-0.905116
-0.906114
-0.905764
-0.906742
-0.90878
-0.909756
-0.908743
-0.909693
-0.913368
-0.91433
-0.910998
-0.911916
-0.916211
-0.917147
-0.918841
-0.919772
-0.919097
-0.920006
-0.922981
-0.923896
-0.92451
-0.925413
-0.925308
-0.926192
-0.931012
-0.931913
-0.930124
-0.930997
-0.932052
-0.932915
-0.935522
-0.936386
-0.937634
-0.938489
-0.938069
-0.938904
-0.938881
-0.9397
-0.941772
-0.942588
-0.94148
-0.942273
-0.944696
-0.945489
-0.947349
-0.948137
-0.951091
-0.951879
-0.95281
-0.953587
-0.955315
-0.956083
-0.956654
-0.957409
-0.957637
-0.958376
-0.958185
-0.958907
-0.960737
-0.961452
-0.964288
-0.964997
-0.964544
-0.965235
-0.967617
-0.9683
-0.966165
-0.966825
-0.968029
-0.968678
-0.971321
-0.971962
-0.971733
-0.972359
-0.972147
-0.972757
-0.9726
-0.973195
-0.974109
-0.974692
-0.973979
-0.974546
-0.975793
-0.976349
-0.976893
-0.977437
-0.979465
-0.979996
-0.980922
-0.98144
-0.982972
-0.983474
-0.982787
-0.983276
-0.983903
-0.984378
-0.985094
-0.985554
-0.985702
-0.986149
-0.987345
-0.987775
-0.987528
-0.987946
-0.988992
-0.989393
-0.989967
-0.990351
-0.990826
-0.991195
-0.990785
-0.991145
-0.991951
-0.992293
-0.992598
-0.992926
-0.993625
-0.993934
-0.994715
-0.995001
-0.994785
-0.995063
-0.995269
-0.995533
-0.995912
-0.996158
-0.997144
-0.997358
-0.997073
-0.997284
-0.997711
-0.9979
-0.998497
-0.998654
-0.99864
-0.998787
-0.998604
-0.998748
-0.998661
-0.9988
-0.999191
-0.999301
-0.999411
-0.999504
-0.999537
-0.999619
-0.999585
-0.999661
-0.999822
-0.999871
-0.999956
-0.999979
-0.999969
-0.999987
-0.99998
-0.999993
-0.999997
-0.999986
-0.999914
-0.999872
-0.999883
-0.999836
-0.999752
-0.999685
-0.99953
-0.999438
-0.999396
-0.999293
-0.999181
-0.999061
-0.999049
-0.998923
-0.998569
-0.998411
-0.998413
-0.998249
-0.998145
-0.997969
-0.99777
-0.997577
-0.996982
-0.996753
-0.996447
-0.996198
-0.996212
-0.995958
-0.995961
-0.995703
-0.994693
-0.994387
-0.994093
-0.993771
-0.993448
-0.99311
-0.991821
-0.991431
-0.992044
-0.991672
-0.991319
-0.990931
-0.989652
-0.989217
-0.988578
-0.988119
-0.988967
-0.988533
-0.98894
-0.988516
-0.987219
-0.986752
-0.985278
-0.984764
-0.983681
-0.983133
-0.9822
-0.981623
-0.981621
-0.981043
-0.980749
-0.980161
-0.978076
-0.977429
-0.97784
-0.977203
-0.975985
-0.975316
-0.975792
-0.975135
-0.973935
-0.973247
-0.971657
-0.970927
-0.971085
-0.97036
-0.971491
-0.970796
-0.969345
-0.968615
-0.968766
-0.968041
-0.965917
-0.965141
-0.964253
-0.963458
-0.960087
-0.959213
-0.960424
-0.959581
-0.95873
-0.95787
-0.958179
-0.957329
-0.955848
-0.954967
-0.953158
-0.952239
-0.952612
-0.951704
-0.950382
-0.949449
-0.948245
-0.947289
-0.946834
-0.945872
-0.945873
-0.944916
-0.942258
-0.941248
-0.941287
-0.940282
-0.937511
-0.936452
-0.935874
-0.934809
-0.931797
-0.930674
-0.931551
-0.930453
-0.92833
-0.927194
-0.926257
-0.925108
-0.922702
-0.92151
-0.916744
-0.915461
-0.91651
-0.915256
-0.91641
-0.915187
-0.911953
-0.910673
-0.910327
-0.909048
-0.907107
-0.905798
-0.90509
-0.903775
-0.902551
-0.901222
-0.900493
-0.899158
-0.894648
-0.893235
-0.895227
-0.893862
-0.890168
-0.888742
-0.883827
-0.882316
-0.879628
-0.878076
-0.879477
-0.877963
-0.87613
-0.874593
-0.87204
-0.870466
-0.863808
-0.862121
-0.860178
-0.858466
-0.857855
-0.856145
-0.856176
-0.85448
-0.85551
-0.853846
-0.851493
-0.8498
-0.852059
-0.850421
-0.845299
-0.843581
-0.842637
-0.840916
-0.837239
-0.835465
-0.831084
-0.829246
-0.830887
-0.829093
-0.830505
-0.828752
-0.831742
-0.830057
-0.826992
-0.825268
-0.821564
-0.819789
-0.816597
-0.814782
-0.813904
-0.812089
-0.812534
-0.810743
-0.804731
-0.802852
-0.805448
-0.803631
-0.802271
-0.800447
-0.797496
-0.795637
-0.790678
-0.788751
-0.785012
-0.783038
-0.779974
-0.777966
-0.772373
-0.770287
-0.770006
-0.767935
-0.769584
-0.767561
-0.766782
-0.764764
-0.757333
-0.755208
-0.759208
-0.757171
-0.755773
-0.753732
-0.750379
-0.748302
-0.75216
-0.750168
-0.744358
-0.742288
-0.740932
-0.738861
-0.730496
-0.728306
-0.721372
-0.719089
-0.718152
-0.715875
-0.714601
-0.712325
-0.704086
-0.701697
-0.693594
-0.691096
-0.688201
-0.68568
-0.688784
-0.686339
-0.684168
-0.681712
-0.673648
-0.671085
-0.668011
-0.665424
-0.662917
-0.660315
-0.657692
-0.655074
-0.652138
-0.649499
-0.646598
-0.643939
-0.647827
-0.645258
-0.639209
-0.636569
-0.636895
-0.634288
-0.62773
-0.625046
-0.623748
-0.621071
-0.618035
-0.615339
-0.611169
-0.608434
-0.606971
-0.604242
-0.599583
-0.59681
-0.593257
-0.590458
-0.590925
-0.588163
-0.59085
-0.588159
-0.585399
-0.582694
-0.580437
-0.577727
-0.576394
-0.573692
-0.564105
-0.561285
-0.560887
-0.558091
-0.555636
-0.552832
-0.547569
-0.544715
-0.5446
-0.541776
-0.541108
-0.538305
-0.536976
-0.534183
-0.535075
-0.532326
-0.534487
-0.531802
-0.528337
-0.52563
-0.521875
-0.519141
-0.51346
-0.510671
-0.505977
-0.503149
-0.500025
-0.497181
-0.496772
-0.493955
-0.492437
-0.48963
-0.483178
-0.480306
-0.472142
-0.46918
-0.467086
-0.464127
-0.461913
-0.458955
-0.454208
-0.451212
-0.440877
-0.437763
-0.438815
-0.435751
-0.427793
-0.424647
-0.423855
-0.420734
-0.420781
-0.417697
-0.409617
-0.406449
-0.405853
-0.402714
-0.402815
-0.399714
-0.400424
-0.39737
-0.390228
-0.387105
-0.385495
-0.382385
-0.385515
-0.382488
-0.37346
-0.370337
-0.371456
-0.368387
-0.371045
-0.368051
-0.361073
-0.358014
-0.355224
-0.352161
-0.346954
-0.343853
-0.344083
-0.341021
-0.336962
-0.33388
-0.333135
-0.330079
-0.328784
-0.325747
-0.332124
-0.329214
-0.328609
-0.325726
-0.32827
-0.325458
-0.319063
-0.316194
-0.307425
-0.304466
-0.311093
-0.308265
-0.300427
-0.297523
-0.291587
-0.288634
-0.288048
-0.285123
-0.276179
-0.273164
-0.26802
-0.26497
-0.26866
-0.265699
-0.267358
-0.264457
-0.260961
-0.258047
-0.25153
-0.248561
-0.242743
-0.23973
-0.232183
-0.229102
-0.227107
-0.224037
-0.2212
-0.218128
-0.218418
-0.215389
-0.206291
-0.203174
-0.200145
-0.197025
-0.192403
-0.189258
-0.179102
-0.175857
-0.171954
-0.168696
-0.162974
-0.159678
-0.157876
-0.154597
-0.152993
-0.149734
-0.144561
-0.141273
-0.129945
-0.126544
-0.130493
-0.127189
-0.115929
-0.112514
-0.107029
-0.103584
-0.104228
-0.100835
-0.090878
-0.0873947
-0.0798715
-0.076332
-0.0784112
-0.0749453
-0.0787416
-0.0753713
-0.0699153
-0.0665153
-0.0610361
-0.0576068
-0.0562788
-0.0528764
-0.0432796
-0.0397933
-0.0351646
-0.0316623
-0.03066
-0.02719
-0.0183721
-0.0148308
-0.00608235
-0.00247225
0.000293406
0.00389256
0.00682078
0.010411
0.0115756
0.0151337
0.0289723
0.0326641
0.0364627
0.040155
0.0487651
0.0525201
0.0543969
0.058126
0.065712
0.0694891
0.0826969
0.0865934
0.0904454
0.0943385
0.0921235
0.0959358
0.10319
0.107043
0.113727
0.117613
0.119178
0.12303
0.124114
0.127928
0.138131
0.142022
0.149093
0.15302
0.150092
0.153928
0.164837
0.168756
0.172384
0.176294
0.18542
0.18939
0.187267
0.191155
0.2026
0.206575
0.203072
0.206949
0.21088
0.21475
0.214451
0.218264
0.221459
0.225258
0.234418
0.238275
0.245773
0.249667
0.2524
0.256272
0.266239
0.270176
0.271454
0.275349
0.276782
0.280639
0.293751
0.29771
0.304534
0.308516
0.308541
0.312465
0.323237
0.327231
0.325038
0.328948
0.333446
0.337352
0.349196
0.353182
0.352879
0.356803
0.368867
0.372871
0.377218
0.381213
0.3879
0.391911
0.399929
0.403969
0.402687
0.406653
0.41076
0.414712
0.42242
0.426398
0.429987
0.433945
0.432472
0.436353
0.44177
0.445651
0.455871
0.459805
0.459985
0.46386
0.467883
0.471742
0.479893
0.48378
0.489638
0.493527
0.501626
0.503712
0.507596
0.512294
0.516166
0.522256
0.526129
0.531155
0.535019
0.538872
0.537668
0.546799
0.550622
0.554142
0.557938
0.561951
0.565726
0.56436
0.56806
0.571612
0.575288
0.577376
0.581013
0.583966
0.587573
0.590764
0.594344
0.601592
0.605184
0.603039
0.606551
0.616063
0.619609
0.618436
0.621912
0.629594
0.633086
0.637141
0.640613
0.638978
0.642375
0.646029
0.649403
0.652573
0.65592
0.663821
0.667184
0.664265
0.667544
0.670657
0.673909
0.677435
0.680663
0.6819
0.685084
0.693312
0.696515
0.698945
0.702113
0.706389
0.709539
0.708748
0.711836
0.718593
0.721686
0.718663
0.721675
0.728285
0.7313
0.729374
0.732319
0.735296
0.738214
0.74605
0.748981
0.750354
0.753243
0.752003
0.754831
0.762475
0.765313
0.764354
0.767132
0.770395
0.773148
0.77516
0.777879
0.778201
0.780873
0.785661
0.78832
0.791031
0.793661
0.796248
0.798849
0.802039
0.804615
0.804094
0.806617
0.809275
0.81177
0.815524
0.817998
0.814459
0.816861
0.819826
0.822203
0.826761
0.829125
0.832147
0.834486
0.833183
0.835468
0.837713
0.839969
0.845628
0.847877
0.849281
0.851495
0.851759
0.853931
0.857954
0.860107
0.863697
0.865828
0.866034
0.868123
0.87012
0.872178
0.874474
0.876503
0.87928
0.881282
0.880841
0.882799
0.884623
0.88655
0.885122
0.887001
0.89115
0.893011
0.890426
0.892235
0.896924
0.898719
0.896993
0.898741
0.898753
0.900465
0.900058
0.901731
0.9015
0.903137
0.902463
0.904062
0.90596
0.907536
0.910421
0.911977
0.913248
0.914777
0.915532
0.917031
0.91926
0.920737
0.924818
0.926279
0.924193
0.925613
0.926768
0.928161
0.92904
0.930405
0.93443
0.935779
0.933925
0.935237
0.938078
0.939369
0.942658
0.943927
0.945471
0.946713
0.949227
0.950443
0.948998
0.950183
0.952967
0.954126
0.956159
0.95729
0.959013
0.960115
0.961759
0.962831
0.963006
0.964049
0.963608
0.964624
0.966113
0.9671
0.967935
0.968893
0.970855
0.971782
0.971812
0.972712
0.973706
0.974577
0.974532
0.975377
0.975442
0.976262
0.978124
0.978911
0.978084
0.978852
0.980489
0.981225
0.981072
0.981785
0.981996
0.982685
0.983188
0.983852
0.982598
0.983248
0.98301
0.98364
0.984005
0.984614
0.985833
0.986414
0.985369
0.985938
0.985925
0.986475
0.987711
0.988234
0.987647
0.988156
0.988255
0.988747
0.989368
0.989838
0.990171
0.990621
0.989712
0.990155
0.990902
0.991322
0.992375
0.992767
0.993442
0.993809
0.993682
0.994036
0.994689
0.995017
0.995584
0.995886
0.996041
0.996325
0.996038
0.996314
0.996573
0.99683
0.996482
0.996734
0.9969
0.997136
0.997254
0.997474
0.997908
0.998102
0.998036
0.998221
0.998634
0.99879
0.999054
0.999185
0.998901
0.999037
0.999131
0.99925
0.999476
0.999569
0.999603
0.999683
0.999835
0.999886
0.999916
0.999951
0.99996
0.999983
0.999991
0.999999
0.999978
0.999993
0.999998
1
0.999976
0.999951
0.999947
0.999913
0.999888
0.999842
0.999866
0.999816
0.999634
0.999552
0.999352
0.999242
0.99891
0.998767
0.998358
0.998179
0.998177
0.997991
0.997906
0.997709
0.997765
0.997565
0.997915
0.997729
0.997622
0.997424
0.996865
0.996634
0.997024
0.996807
0.996843
0.996623
0.996483
0.996253
0.995688
0.995429
0.995808
0.995561
0.995433
0.995176
0.994596
0.994313
0.994231
0.993942
0.993685
0.993383
0.992554
0.992219
0.991397
0.991031
0.990008
0.989605
0.988572
0.988133
0.989005
0.988591
0.987402
0.98695
0.98702
0.986568
0.986373
0.985913
0.984689
0.984192
0.983381
0.98286
0.981315
0.980748
0.980702
0.980134
0.979414
0.978826
0.978424
0.977825
0.978044
0.97745
0.976308
0.975684
0.976577
0.975977
0.974679
0.974047
0.976187
0.975609
0.974782
0.974184
0.972841
0.972212
0.973485
0.972888
0.972829
0.972232
0.97234
0.971747
0.970123
0.969493
0.971089
0.970499
0.970679
0.970095
0.969803
0.969214
0.967645
0.967023
0.967627
0.967021
0.964989
0.96434
0.962526
0.961839
0.963411
0.962762
0.961643
0.960973
0.959596
0.958899
0.957842
0.957126
0.958899
0.958224
0.956157
0.955443
0.95582
0.955117
0.955208
0.954511
0.952524
0.95179
0.952363
0.951645
0.952449
0.951752
0.951549
0.950852
0.950329
0.949626
0.950024
0.949333
0.949123
0.948433
0.946642
0.945921
0.948936
0.948279
0.945847
0.945147
0.945512
0.944824
0.946359
0.945706
0.946007
0.945364
0.945946
0.945319
0.945824
0.945211
0.94584
0.945244
0.943349
0.942722
0.939963
0.93929
0.938335
0.937649
0.935565
0.934846
0.935659
0.934961
0.936009
0.935336
0.932766
0.932051
0.931676
0.93096
0.931409
0.930707
0.928947
0.92822
0.930601
0.929922
0.92775
0.927039
0.927376
0.926676
0.926976
0.926288
0.929979
0.929362
0.928306
0.927676
0.927894
0.927273
0.929711
0.929138
0.926847
0.92624
0.928633
0.928072
0.928264
0.927712
0.926339
0.925769
0.928711
0.928196
0.926312
0.92577
0.928451
0.927959
0.925095
0.924561
0.924946
0.924423
0.92718
0.926707
0.927744
0.927293
0.925628
0.925154
0.925862
0.925405
0.922122
0.921617
0.921639
0.921139
0.920578
0.920074
0.920569
0.920078
0.918517
0.918006
0.919341
0.918856
0.919116
0.918641
0.919048
0.918584
0.918731
0.918274
0.918861
0.918418
0.918565
0.918129
0.921088
0.920704
0.920445
0.92006
0.916969
0.916541
0.917062
0.916647
0.918939
0.918564
0.918414
0.918041
0.918055
0.917685
0.918474
0.918121
0.91802
0.917669
0.915515
0.915135
0.915033
0.914656
0.914415
0.914039
0.913883
0.913508
0.912957
0.912578
0.913158
0.912792
0.909995
0.909591
0.909044
0.908635
0.908317
0.907908
0.904544
0.904088
0.904657
0.904215
0.907058
0.906664
0.905966
0.905566
0.905333
0.904934
0.90465
0.904251
0.901469
0.901032
0.901428
0.901002
0.904172
0.903799
0.900696
0.90028
0.900266
0.899855
0.900096
0.899693
0.899982
0.899588
0.902637
0.902292
0.902737
0.902404
0.900091
0.899727
0.900237
0.899884
0.899832
0.899483
0.902669
0.90237
0.899815
0.899483
0.896568
0.896197
0.89587
0.895498
0.891993
0.891573
0.89099
0.890566
0.891851
0.891451
0.891505
0.89111
0.893673
0.893321
0.890117
0.889721
0.892406
0.892054
0.892408
0.892066
0.887876
0.887476
0.887599
0.887205
0.8875
0.887116
0.890799
0.890473
0.889529
0.889193
0.886501
0.886129
0.888303
0.887967
0.887938
0.887607
0.884703
0.884333
0.884838
0.88448
0.884503
0.884149
0.886863
0.886553
0.882672
0.882309
0.882212
0.881852
0.882191
0.88184
0.884796
0.884492
0.880645
0.880288
0.881309
0.880971
0.880598
0.880259
0.882608
0.882307
0.879835
0.879502
0.881825
0.88153
0.877824
0.877479
0.879847
0.87954
0.877201
0.876864
0.879715
0.879423
0.875687
0.875345
0.87931
0.879029
0.876317
0.876001
0.87832
0.87804
0.877072
0.876782
0.875826
0.875526
0.875282
0.874982
0.874572
0.87427
0.873786
0.87348
0.873969
0.873674
0.873093
0.872793
0.872348
0.872046
0.870801
0.870484
0.866542
0.866172
0.870167
0.869859
0.869326
0.869015
0.868457
0.868141
0.866309
0.865971
0.865334
0.864991
0.864782
0.86444
0.865167
0.86484
0.863544
0.863202
0.859253
0.858858
0.862367
0.862028
0.857434
0.857033
0.860049
0.859695
0.858923
0.858563
0.85689
0.85651
0.855074
0.854678
0.852732
0.852313
0.850622
0.850183
0.845944
0.845448
0.849014
0.848576
0.847798
0.847354
0.84677
0.846323
0.841167
0.84065
0.843818
0.843353
0.843392
0.842933
0.842424
0.841964
0.840937
0.840466
0.836962
0.836447
0.838472
0.837992
0.833627
0.833089
0.836473
0.83599
0.831161
0.830614
0.833492
0.832993
0.828085
0.827521
0.830375
0.829859
0.828693
0.828166
0.824051
0.82347
0.82561
0.825067
0.822726
0.822156
0.820426
0.819837
0.818392
0.817789
0.81677
0.816158
0.815977
0.815371
0.815028
0.814424
0.808954
0.808276
0.806234
0.805533
0.808049
0.807394
0.80191
0.801182
0.803741
0.803059
0.801505
0.800808
0.799879
0.799176
0.798627
0.797925
0.797444
0.796742
0.792873
0.792123
0.79072
0.789957
0.787771
0.786986
0.790299
0.789571
0.787769
0.787023
0.781817
0.781003
0.783828
0.783065
0.781526
0.780749
0.779455
0.778668
0.773392
0.772537
0.771433
0.770571
0.77254
0.771717
0.766897
0.766013
0.765343
0.764459
0.762128
0.761219
0.762924
0.762051
0.756046
0.755094
0.757728
0.756827
0.750731
0.74975
0.747677
0.746676
0.743985
0.742956
0.746774
0.745813
0.740308
0.739276
0.741398
0.74041
0.7339
0.732827
0.734773
0.733741
0.733318
0.732292
0.732493
0.731482
0.726672
0.725601
0.728112
0.727091
0.720108
0.718995
0.722254
0.721202
0.719168
0.718098
0.71748
0.716413
0.716242
0.715186
0.709813
0.70869
0.711327
0.710255
0.703941
0.702789
0.706779
0.705699
0.703099
0.701993
0.699068
0.697933
0.690504
0.689272
0.692657
0.691489
0.690552
0.689384
0.681798
0.680532
0.681495
0.680258
0.676921
0.675649
0.672797
0.671498
0.666143
0.664779
0.666348
0.665024
0.658159
0.656748
0.658529
0.657161
0.651671
0.650237
0.64758
0.646124
0.649203
0.647809
0.640224
0.638735
0.641289
0.639854
0.632469
0.630942
0.631592
0.630092
0.628129
0.626618
0.624773
0.623253
0.62209
0.62057
0.613525
0.611919
0.608911
0.607279
0.611531
0.609981
0.607957
0.606395
0.603798
0.602216
0.599294
0.597688
0.589954
0.588254
0.589661
0.588001
0.586129
0.584461
0.577361
0.575608
0.573351
0.571586
0.568965
0.567181
0.56423
0.562425
0.565095
0.56335
0.559939
0.558164
0.550109
0.548237
0.551186
0.54938
0.541839
0.539943
0.538948
0.53706
0.53591
0.534027
0.534559
0.532707
0.529552
0.527675
0.52044
0.51848
0.514825
0.512835
0.508825
0.506801
0.509583
0.507623
0.50373
0.501737
0.494004
0.491921
0.494104
0.492078
0.484984
0.48288
0.480485
0.47837
0.475014
0.472876
0.469006
0.466838
0.46979
0.46769
0.459058
0.456858
0.453014
0.450785
0.445977
0.443705
0.444606
0.442374
0.441252
0.439031
0.432384
0.430093
0.43363
0.431418
0.428929
0.426708
0.416881
0.414546
0.41802
0.415763
0.40632
0.403954
0.408517
0.406245
0.397009
0.394633
0.391984
0.389599
0.386032
0.383625
0.388741
0.386436
0.377391
0.374985
0.371829
0.369407
0.372928
0.370586
0.368332
0.365987
0.363285
0.36093
0.359772
0.357429
0.348559
0.346119
0.350556
0.348208
0.338534
0.336079
0.339494
0.337117
0.328773
0.326309
0.32261
0.320124
0.318207
0.315724
0.319791
0.317396
0.31489
0.312489
0.304033
0.301544
0.303869
0.301443
0.299647
0.297225
0.295065
0.292643
0.289648
0.287215
0.279163
0.276648
0.279734
0.277293
0.267631
0.265086
0.26138
0.258815
0.254577
0.251986
0.254646
0.252124
0.242087
0.239457
0.244001
0.241467
0.23955
0.237022
0.226571
0.22393
0.226507
0.223934
0.220782
0.218199
0.209078
0.206401
0.209772
0.207176
0.196472
0.193761
0.198274
0.195659
0.193109
0.190493
0.17997
0.177243
0.175283
0.172564
0.176378
0.173745
0.164915
0.162195
0.159228
0.156502
0.159581
0.156932
0.153906
0.151249
0.148656
0.145998
0.138334
0.135606
0.131151
0.128398
0.125678
0.122924
0.12178
0.119046
0.123315
0.120673
0.112223
0.109501
0.107832
0.105123
0.102246
0.099533
0.102841
0.100207
0.0905873
0.0878586
0.0863846
0.0836715
0.0873811
0.0847527
0.0820677
0.0794373
0.0698
0.067075
0.0720523
0.0694291
0.0599701
0.0572549
0.0619125
0.0592945
0.0499212
0.0472127
0.052669
0.0500683
0.0409324
0.0382442
0.0339629
0.0312531
0.029799
0.0271054
0.0245193
0.0218267
0.0268374
0.0242463
0.0222814
0.0196983
0.0181369
0.0155671
0.0131301
0.0105618
0.00599779
0.00340311
-0.000550572
-0.00316316
-0.0110913
-0.0137738
-0.00769638
-0.0102636
-0.013872
-0.0164528
-0.0248133
-0.0274693
-0.0280251
-0.0306533
-0.0282982
-0.0308611
-0.0335767
-0.036141
-0.0372451
-0.03979
-0.0428058
-0.0453563
-0.0536492
-0.0562736
-0.0527988
-0.0553433
-0.06474
-0.0673726
-0.0705046
-0.0731428
-0.0772543
-0.0799106
-0.0836579
-0.0863271
-0.0881977
-0.0908554
-0.0866767
-0.089245
-0.0914822
-0.0940446
-0.10282
-0.105461
-0.0995656
-0.102096
-0.104951
-0.107484
-0.114577
-0.117167
-0.11397
-0.116484
-0.117486
-0.119979
-0.121731
-0.124213
-0.132711
-0.135269
-0.13684
-0.139383
-0.142432
-0.14498
-0.14142
-0.143888
-0.15157
-0.154103
-0.156306
-0.158832
-0.154654
-0.157093
-0.165401
-0.167913
-0.164726
-0.167163
-0.175975
-0.178491
-0.181607
-0.184128
-0.179117
-0.18154
-0.189882
-0.192378
-0.187378
-0.189777
-0.197306
-0.199767
-0.203284
-0.205756
-0.202972
-0.205375
-0.209221
-0.21164
-0.214127
-0.216544
-0.22455
-0.227035
-0.227429
-0.229885
-0.225066
-0.227427
-0.228355
-0.230696
-0.233426
-0.235769
-0.241694
-0.244079
-0.246966
-0.249355
-0.253048
-0.255449
-0.251272
-0.253588
-0.262602
-0.265
-0.268091
-0.270493
-0.27286
-0.275259
-0.27821
-0.280612
-0.275577
-0.277883
-0.284279
-0.286632
-0.288118
-0.290457
-0.285161
-0.287402
-0.297007
-0.299337
-0.294726
-0.296965
-0.30391
-0.306205
-0.301004
-0.303202
-0.303858
-0.306035
-0.313094
-0.315327
-0.311548
-0.313703
-0.32341
-0.325655
-0.326516
-0.328742
-0.324335
-0.326474
-0.32796
-0.330088
-0.331676
-0.333794
-0.335852
-0.337966
-0.345473
-0.34765
-0.349097
-0.351261
-0.345451
-0.347513
-0.350623
-0.352695
-0.359667
-0.361796
-0.363901
-0.366026
-0.369108
-0.371241
-0.367449
-0.369505
-0.372131
-0.374191
-0.381044
-0.383158
-0.385651
-0.387766
-0.390905
-0.393029
-0.395403
-0.397525
-0.398133
-0.400233
-0.401661
-0.403749
-0.400007
-0.402019
-0.408511
-0.410574
-0.410806
-0.412843
-0.4137
-0.415718
-0.416899
-0.418903
-0.414797
-0.416722
-0.417426
-0.419333
-0.419054
-0.420931
-0.423484
-0.425365
-0.433805
-0.435762
-0.430866
-0.432736
-0.44112
-0.443065
-0.438934
-0.440802
-0.442593
-0.444456
-0.45192
-0.453846
-0.456347
-0.458277
-0.453804
-0.455652
-0.457346
-0.459188
-0.466805
-0.468712
-0.464659
-0.466491
-0.4695
-0.471342
-0.473198
-0.475036
-0.47963
-0.481497
-0.484107
-0.485978
-0.486764
-0.488618
-0.488309
-0.490132
-0.490679
-0.492483
-0.494167
-0.495965
-0.492708
-0.494442
-0.500432
-0.502213
-0.496185
-0.497868
-0.505144
-0.50689
-0.508351
-0.51009
-0.508062
-0.509752
-0.5129
-0.514603
-0.51696
-0.518666
-0.520184
-0.521884
-0.528398
-0.530151
-0.52719
-0.528883
-0.529418
-0.531093
-0.533568
-0.535249
-0.542422
-0.544163
-0.546912
-0.54866
-0.548582
-0.550304
-0.556207
-0.557973
-0.561167
-0.562945
-0.569808
-0.57164
-0.568408
-0.570175
-0.576188
-0.577999
-0.575276
-0.577029
-0.583418
-0.58522
-0.587555
-0.589357
-0.584203
-0.585919
-0.593165
-0.59494
-0.597182
-0.598956
-0.599657
-0.601414
-0.597196
-0.598877
-0.600725
-0.602404
-0.603446
-0.605111
-0.606694
-0.608353
-0.615058
-0.61677
-0.617854
-0.619553
-0.616584
-0.618223
-0.625107
-0.626801
-0.622956
-0.624581
-0.631245
-0.632922
-0.634618
-0.636289
-0.633072
-0.634682
-0.634616
-0.636201
-0.642036
-0.643665
-0.64501
-0.646629
-0.648087
-0.649699
-0.645973
-0.647518
-0.649507
-0.651052
-0.653197
-0.654743
-0.659911
-0.661493
-0.662573
-0.664143
-0.66593
-0.667498
-0.668273
-0.669826
-0.671312
-0.672858
-0.669809
-0.671297
-0.676794
-0.678322
-0.680303
-0.68183
-0.67972
-0.6812
-0.686374
-0.68789
-0.689814
-0.691329
-0.687453
-0.688901
-0.69119
-0.692642
-0.694068
-0.695515
-0.701086
-0.702573
-0.699618
-0.701049
-0.706134
-0.7076
-0.709666
-0.711133
-0.708655
-0.710072
-0.715671
-0.717129
-0.719611
-0.721073
-0.720858
-0.722296
-0.718743
-0.720119
-0.725322
-0.726735
-0.7234
-0.724755
-0.726089
-0.727438
-0.73364
-0.735037
-0.735638
-0.73702
-0.734201
-0.735531
-0.74163
-0.743006
-0.740323
-0.741649
-0.747617
-0.748987
-0.74682
-0.748146
-0.749534
-0.750855
-0.756812
-0.758176
-0.759411
-0.760767
-0.76237
-0.763722
-0.763532
-0.764862
-0.761841
-0.763117
-0.7637
-0.764963
-0.766214
-0.767471
-0.767513
-0.768751
-0.775124
-0.776411
-0.777666
-0.778947
-0.779656
-0.780924
-0.77676
-0.777963
-0.780144
-0.781353
-0.785681
-0.786917
-0.78878
-0.790016
-0.788652
-0.789854
-0.790619
-0.79181
-0.795534
-0.796746
-0.797426
-0.798626
-0.796536
-0.797695
-0.801457
-0.802638
-0.804221
-0.8054
-0.807133
-0.808311
-0.810067
-0.811245
-0.812568
-0.813741
-0.815387
-0.816558
-0.817844
-0.81901
-0.820433
-0.821595
-0.822975
-0.824131
-0.821484
-0.822595
-0.82738
-0.828522
-0.824766
-0.825852
-0.827469
-0.828554
-0.829922
-0.831003
-0.832063
-0.833138
-0.834221
-0.83529
-0.835958
-0.837017
-0.837428
-0.838474
-0.843467
-0.844546
-0.841081
-0.842108
-0.843559
-0.844584
-0.849034
-0.850087
-0.846822
-0.847826
-0.848693
-0.849689
-0.850536
-0.851524
-0.853163
-0.854152
-0.854819
-0.855798
-0.859756
-0.860759
-0.858767
-0.859734
-0.863155
-0.86414
-0.864353
-0.865324
-0.86295
-0.863882
-0.868804
-0.869769
-0.867135
-0.868058
-0.868663
-0.869577
-0.86976
-0.870661
-0.874889
-0.875817
-0.873558
-0.874448
-0.875135
-0.876017
-0.878838
-0.879733
-0.879961
-0.880844
-0.878851
-0.879699
-0.880261
-0.881102
-0.884551
-0.88541
-0.88294
-0.883762
-0.887309
-0.888151
-0.885729
-0.886534
-0.890573
-0.891404
-0.892745
-0.893575
-0.894609
-0.895435
-0.895731
-0.896546
-0.897601
-0.898412
-0.898635
-0.899435
-0.896353
-0.897109
-0.89827
-0.899025
-0.899366
-0.900112
-0.901715
-0.902463
-0.905918
-0.906687
-0.90478
-0.905518
-0.905667
-0.906394
-0.907153
-0.907875
-0.908952
-0.909672
-0.913552
-0.914295
-0.914917
-0.915653
-0.913957
-0.914665
-0.915006
-0.915705
-0.9195
-0.920222
-0.918845
-0.919541
-0.922928
-0.923642
-0.922203
-0.922892
-0.923583
-0.924266
-0.927159
-0.927856
-0.929206
-0.929902
-0.930358
-0.931045
-0.931077
-0.931752
-0.932447
-0.933116
-0.931248
-0.931889
-0.932481
-0.933116
-0.933707
-0.934335
-0.937719
-0.938365
-0.939198
-0.939839
-0.94023
-0.940862
-0.938778
-0.939381
-0.940785
-0.941389
-0.942171
-0.94277
-0.944727
-0.945332
-0.945556
-0.946151
-0.945073
-0.945649
-0.948036
-0.948619
-0.948968
-0.949544
-0.948424
-0.948981
-0.951115
-0.951678
-0.952523
-0.953081
-0.951672
-0.952209
-0.95523
-0.955779
-0.95667
-0.957215
-0.957583
-0.958121
-0.957067
-0.957587
-0.96003
-0.960556
-0.96139
-0.961912
-0.960554
-0.961057
-0.963463
-0.963972
-0.964887
-0.965391
-0.963722
-0.964206
-0.966398
-0.966885
-0.965324
-0.965792
-0.967424
-0.967893
-0.966741
-0.967193
-0.969
-0.969455
-0.970306
-0.970756
-0.969238
-0.96967
-0.971864
-0.9723
-0.972793
-0.973223
-0.971956
-0.97237
-0.973092
-0.973502
-0.974075
-0.974479
-0.974718
-0.975115
-0.975352
-0.975741
-0.977483
-0.977874
-0.97823
-0.978614
-0.977472
-0.977841
-0.979772
-0.980142
-0.980698
-0.981062
-0.981659
-0.982018
-0.981117
-0.981464
-0.982071
-0.982412
-0.982831
-0.983167
-0.984678
-0.98501
-0.985453
-0.985778
-0.986402
-0.98672
-0.985871
-0.986179
-0.987701
-0.988004
-0.987405
-0.9877
-0.989007
-0.989296
-0.989721
-0.990002
-0.989646
-0.989919
-0.991313
-0.991577
-0.991674
-0.991931
-0.991466
-0.991717
-0.992806
-0.993046
-0.992763
-0.992997
-0.993412
-0.993638
-0.993697
-0.993916
-0.994723
-0.99493
-0.995224
-0.995423
-0.994809
-0.995005
-0.995801
-0.995985
-0.99614
-0.996316
-0.995919
-0.996092
-0.996307
-0.996472
-0.997276
-0.997426
-0.997057
-0.997206
-0.997898
-0.99803
-0.998152
-0.998276
-0.998361
-0.998477
-0.998291
-0.998406
-0.998898
-0.998993
-0.999111
-0.999197
-0.999238
-0.999317
-0.999409
-0.999478
-0.999392
-0.999461
-0.999546
-0.999605
-0.999791
-0.999832
-0.999702
-0.999749
-0.999924
-0.999948
-0.99991
-0.999935
-0.999998
-1
-0.999998
-1
-0.999996
-0.999988
-0.999893
-0.999859
-0.999812
-0.999767
-0.999723
-0.999669
-0.999802
-0.999758
-0.999704
-0.999651
-0.999573
-0.999509
-0.999451
-0.99938
-0.999245
-0.999161
-0.998705
-0.99859
-0.998419
-0.998291
-0.998047
-0.997903
-0.998118
-0.997982
-0.997316
-0.997146
-0.996928
-0.996747
-0.997144
-0.996976
-0.996691
-0.996509
-0.996364
-0.996175
-0.995542
-0.995326
-0.995157
-0.994933
-0.99527
-0.995056
-0.994168
-0.993921
-0.994369
-0.994136
-0.993222
-0.992957
-0.992654
-0.992377
-0.991934
-0.991642
-0.992255
-0.991981
-0.990531
-0.990212
-0.989949
-0.989622
-0.989124
-0.988781
-0.989112
-0.988778
-0.988413
-0.988068
-0.987806
-0.987454
-0.986189
-0.985802
-0.986619
-0.986254
-0.984725
-0.984319
-0.985084
-0.984699
-0.98298
-0.98255
-0.983258
-0.982847
-0.980964
-0.980506
-0.980256
-0.979792
-0.980684
-0.980244
-0.978166
-0.977676
-0.978831
-0.97837
-0.97817
-0.977706
-0.977222
-0.976747
-0.975957
-0.975466
-0.974835
-0.974331
-0.973714
-0.973198
-0.971386
-0.97083
-0.970095
-0.969525
-0.970591
-0.970047
-0.969344
-0.968786
-0.966518
-0.965913
-0.966524
-0.965935
-0.96534
-0.964741
-0.964023
-0.963411
-0.962675
-0.962051
-0.959211
-0.95853
-0.95826
-0.957577
-0.957282
-0.956596
-0.956129
-0.955436
-0.954808
-0.954107
-0.955269
-0.954595
-0.952082
-0.951361
-0.953236
-0.952558
-0.951608
-0.950915
-0.948247
-0.947505
-0.946975
-0.946227
-0.947245
-0.946522
-0.945533
-0.944795
-0.943867
-0.943116
-0.940388
-0.939588
-0.940515
-0.939739
-0.93923
-0.938449
-0.935815
-0.934989
-0.93419
-0.933354
-0.932334
-0.931485
-0.930968
-0.930115
-0.929265
-0.928402
-0.929857
-0.929029
-0.925522
-0.924633
-0.926075
-0.92522
-0.921907
-0.920997
-0.919875
-0.91895
-0.917563
-0.91662
-0.918357
-0.917453
-0.916354
-0.915438
-0.914641
-0.913717
-0.910211
-0.909231
-0.910557
-0.909609
-0.909007
-0.908055
-0.907539
-0.906586
-0.902696
-0.901681
-0.903369
-0.902392
-0.898724
-0.89769
-0.896871
-0.895831
-0.897245
-0.896239
-0.892006
-0.890933
-0.892969
-0.891942
-0.887997
-0.886909
-0.888535
-0.887485
-0.883436
-0.882324
-0.88377
-0.882693
-0.881716
-0.880632
-0.876273
-0.875122
-0.874002
-0.872841
-0.875009
-0.873897
-0.872361
-0.871232
-0.869886
-0.868744
-0.868254
-0.867115
-0.865938
-0.864789
-0.86345
-0.862288
-0.858398
-0.85718
-0.856469
-0.855251
-0.854403
-0.853182
-0.852354
-0.85113
-0.850008
-0.848776
-0.850362
-0.849169
-0.84923
-0.848049
-0.846498
-0.845303
-0.844077
-0.842873
-0.836967
-0.835676
-0.834747
-0.833453
-0.836555
-0.835325
-0.833881
-0.832639
-0.831313
-0.830062
-0.8255
-0.824186
-0.823306
-0.82199
-0.823723
-0.822449
-0.822304
-0.82104
-0.814514
-0.813155
-0.812121
-0.810759
-0.810159
-0.808801
-0.807544
-0.806178
-0.807422
-0.806091
-0.801904
-0.800518
-0.799085
-0.797689
-0.796375
-0.794972
-0.79287
-0.791448
-0.788827
-0.787377
-0.786855
-0.785412
-0.788277
-0.786894
-0.78554
-0.78415
-0.777721
-0.776242
-0.778896
-0.777474
-0.772378
-0.77089
-0.774376
-0.772959
-0.771243
-0.769814
-0.767977
-0.766533
-0.765374
-0.763928
-0.757571
-0.756039
-0.755349
-0.753822
-0.752382
-0.750848
-0.754881
-0.753427
-0.749992
-0.748499
-0.746729
-0.745225
-0.740306
-0.738741
-0.741928
-0.740429
-0.73929
-0.737789
-0.732294
-0.730723
-0.728943
-0.727362
-0.729789
-0.728263
-0.722958
-0.721365
-0.72042
-0.71883
-0.721265
-0.71973
-0.715352
-0.713766
-0.717155
-0.715639
-0.710084
-0.708498
-0.706049
-0.704443
-0.70115
-0.699511
-0.698984
-0.697355
-0.700429
-0.698865
-0.691844
-0.690189
-0.688306
-0.686641
-0.689955
-0.688358
-0.686281
-0.684671
-0.684584
-0.682991
-0.677946
-0.676293
-0.679677
-0.678095
-0.677451
-0.675877
-0.669305
-0.667648
-0.67111
-0.669524
-0.66277
-0.6611
-0.661093
-0.659441
-0.658241
-0.65659
-0.659202
-0.657609
-0.650617
-0.648937
-0.653087
-0.651489
-0.645122
-0.643446
-0.641542
-0.639857
-0.642744
-0.641121
-0.640409
-0.638794
-0.633056
-0.631373
-0.634902
-0.633292
-0.627426
-0.625746
-0.628607
-0.62699
-0.625739
-0.624121
-0.622509
-0.620887
-0.613295
-0.611578
-0.610137
-0.608419
-0.607148
-0.605431
-0.604425
-0.602713
-0.605858
-0.604212
-0.601618
-0.599952
-0.598524
-0.596857
-0.589532
-0.587777
-0.591356
-0.589674
-0.582641
-0.580875
-0.579713
-0.57795
-0.581187
-0.579493
-0.577613
-0.57591
-0.568341
-0.566548
-0.5662
-0.564423
-0.568199
-0.566498
-0.562402
-0.560661
-0.555749
-0.553957
-0.55391
-0.552138
-0.544895
-0.543038
-0.542061
-0.540212
-0.537277
-0.535407
-0.536506
-0.534674
-0.532792
-0.530954
-0.527121
-0.525249
-0.52873
-0.526931
-0.525719
-0.523923
-0.515396
-0.513498
-0.511185
-0.509276
-0.506381
-0.504453
-0.507675
-0.505817
-0.502829
-0.50095
-0.498937
-0.497051
-0.496801
-0.494934
-0.486501
-0.484535
-0.482412
-0.480438
-0.479713
-0.477753
-0.476352
-0.474395
-0.478468
-0.476593
-0.470121
-0.468176
-0.466853
-0.464912
-0.470229
-0.468388
-0.465444
-0.463583
-0.457018
-0.455086
-0.451683
-0.449725
-0.453258
-0.451375
-0.448931
-0.447035
-0.440579
-0.438614
-0.441228
-0.439324
-0.432099
-0.430115
-0.426528
-0.424518
-0.422214
-0.420196
-0.417239
-0.415203
-0.412532
-0.410483
-0.411115
-0.409099
-0.408482
-0.406483
-0.405105
-0.403111
-0.409208
-0.407324
-0.403705
-0.401793
-0.394005
-0.392006
-0.398715
-0.396836
-0.392089
-0.390166
-0.387587
-0.385652
-0.385553
-0.38364
-0.382163
-0.380253
-0.37942
-0.377522
-0.370218
-0.368241
-0.366296
-0.364316
-0.36118
-0.359181
-0.362292
-0.360361
-0.352778
-0.350764
-0.355481
-0.353558
-0.35242
-0.350506
-0.347143
-0.345206
-0.343816
-0.341883
-0.334518
-0.332506
-0.33023
-0.328211
-0.33286
-0.330932
-0.32189
-0.319861
-0.323421
-0.321465
-0.320735
-0.318794
-0.3111
-0.309077
-0.313567
-0.311632
-0.311265
-0.309348
-0.30384
-0.301871
-0.300109
-0.29814
-0.294606
-0.292614
-0.298199
-0.296308
-0.293499
-0.291593
-0.282804
-0.280801
-0.277212
-0.275185
-0.27784
-0.275875
-0.267176
-0.265116
-0.262414
-0.260343
-0.258033
-0.255956
-0.26138
-0.259404
-0.25202
-0.249967
-0.247827
-0.245771
-0.243171
-0.241106
-0.237878
-0.235795
-0.232723
-0.230623
-0.234923
-0.232909
-0.224798
-0.222699
-0.228517
-0.226524
-0.216111
-0.214001
-0.218205
-0.216179
-0.208262
-0.206154
-0.209557
-0.207523
-0.204511
-0.202461
-0.201077
-0.199034
-0.191101
-0.188977
-0.192924
-0.19088
-0.189485
-0.187448
-0.187748
-0.185742
-0.1821
-0.18007
-0.179304
-0.17729
-0.177059
-0.175067
-0.167669
-0.165603
-0.170822
-0.168853
-0.159167
-0.157092
-0.162182
-0.160202
-0.150735
-0.148654
-0.153647
-0.151659
-0.150574
-0.148597
-0.147369
-0.145401
-0.145206
-0.143261
-0.136927
-0.134922
-0.138492
-0.13656
-0.136474
-0.134566
-0.131325
-0.129399
-0.12541
-0.123455
-0.122135
-0.120188
-0.113503
-0.111491
-0.117955
-0.116055
-0.113497
-0.111588
-0.101991
-0.0999779
-0.105246
-0.10333
-0.0952916
-0.0932928
-0.0975456
-0.0956296
-0.0927492
-0.0908195
-0.0902233
-0.0883108
-0.0794342
-0.0774283
-0.082211
-0.0802947
-0.0713834
-0.0693735
-0.0658125
-0.0637817
-0.0661237
-0.0641502
-0.061286
-0.0593003
-0.0576316
-0.0556497
-0.0476229
-0.0455604
-0.0489972
-0.047007
-0.0390019
-0.0369318
-0.04067
-0.0386765
-0.0368887
-0.0348975
-0.0248722
-0.0227747
-0.0209036
-0.0188088
-0.0171199
-0.0150304
-0.0213267
-0.0193477
-0.0109538
-0.00889012
-0.0144981
-0.0125353
-0.0106205
-0.00865839
-0.0067294
-0.00476749
0.0028502
0.00488652
0.00831562
0.0103702
0.0108075
0.0128405
0.00752862
0.00946523
0.0189028
0.0209377
0.0160813
0.0180258
0.020081
0.0220268
0.0310094
0.0330471
0.0287063
0.0306603
0.0402205
0.0422737
0.0445563
0.0466122
0.0408013
0.0427539
0.0522825
0.0543338
0.0499393
0.051906
0.0546078
0.0565836
0.0633208
0.0653584
0.0661661
0.0681871
0.0655597
0.0675194
0.0727315
0.074733
0.0830341
0.0851169
0.0892503
0.091359
0.0872884
0.0893161
0.0929905
0.0950389
0.103995
0.106132
0.109844
0.112
0.114915
0.117081
0.117873
0.120019
0.122478
0.124628
0.127831
0.129992
0.131937
0.134094
0.136672
0.138833
0.14101
0.143171
0.145972
0.148139
0.152184
0.154374
0.15015
0.152256
0.153657
0.155752
0.158403
0.160504
0.162636
0.164736
0.169497
0.17163
0.175675
0.177831
0.177984
0.180113
0.183935
0.186084
0.188198
0.190344
0.200048
0.202288
0.205449
0.207699
0.203488
0.205654
0.207298
0.209455
0.214563
0.216756
0.219795
0.221996
0.222849
0.225031
0.227449
0.229632
0.231883
0.234064
0.241565
0.243811
0.244589
0.246814
0.248129
0.25034
0.251925
0.254125
0.250555
0.252681
0.254084
0.256198
0.257785
0.259889
0.261628
0.263726
0.268353
0.270479
0.277925
0.280116
0.283766
0.285972
0.282386
0.284517
0.286814
0.288944
0.298291
0.300508
0.303589
0.305813
0.303357
0.30552
0.307896
0.310058
0.31114
0.313286
0.320134
0.322334
0.3245
0.326697
0.328886
0.331079
0.332866
0.33505
0.337766
0.339954
0.342123
0.344306
0.345507
0.347675
0.349849
0.352013
0.346703
0.348772
0.358345
0.360502
0.3642
0.366373
0.363936
0.366048
0.367069
0.369164
0.371587
0.373682
0.37577
0.377861
0.381495
0.383602
0.385923
0.388028
0.394682
0.396838
0.391449
0.393509
0.402949
0.405095
0.408171
0.410323
0.413452
0.415612
0.413439
0.415542
0.418687
0.420798
0.423128
0.425237
0.426736
