0
0
0
0
0
0
0
6.28296
6.28296
6.28154
6.28152
6.28097
6.28094
0.00921917
0.00581704
0.00589335
0.0118251
0.0119784
0.0124615
0.0126192
0.010622
0.0107514
0.0193853
0.0196266
0.0195016
0.019738
0.0218865
0.0221481
0.0248589
0.0251527
0.0243742
0.0246539
0.0265233
0.026824
0.0209764
0.0211961
0.0187144
0.0188986
0.0272503
0.0275419
0.0267071
0.0269839
0.0283022
0.0285927
0.0326835
0.033024
0.0329094
0.033244
0.0320777
0.0323925
0.03681
0.0371788
0.028309
0.0285562
0.0255631
0.0257677
0.0301533
0.0304129
0.0354347
0.0357569
0.0345511
0.0348533
0.0344616
0.0347547
0.0364589
0.0367705
0.0360759
0.0363743
0.0365783
0.0368754
0.0356938
0.0359715
0.0362684
0.0365463
0.0372012
0.037484
0.0344769
0.0347165
0.0352427
0.035486
0.0434405
0.0437853
0.0457374
0.0461034
0.0521115
0.0525517
0.0600842
0.0606177
0.0690808
0.0697187
0.0600429
0.060545
0.0589842
0.0594592
0.0619897
0.0624918
0.0693112
0.0698964
0.0718405
0.0724436
0.0673018
0.0678293
0.0629171
0.063373
0.0653972
0.0658737
0.0568988
0.057251
0.0648681
0.0653158
0.0619373
0.0623348
0.0663059
0.0667503
0.0692403
0.0697117
0.0718806
0.0723743
0.0734152
0.0739161
0.0819997
0.0826004
0.0792264
0.0797747
0.088203
0.0888551
0.0933501
0.0940527
0.0882865
0.088904
0.089353
0.0899683
0.0866789
0.0872428
0.0784979
0.0789393
0.0840239
0.0845264
0.079569
0.0799997
0.0892762
0.0898233
0.0915397
0.0921021
0.0915975
0.0921459
0.096707
0.0973082
0.0959582
0.0965337
0.103818
0.104482
0.0973241
0.097885
0.102835
0.103454
0.101911
0.102501
0.10127
0.101836
0.0962599
0.0967453
0.0972794
0.0977654
0.101391
0.101918
0.109039
0.109654
0.111245
0.111872
0.114368
0.11502
0.115095
0.115739
0.127474
0.128264
0.130457
0.131265
0.131712
0.132516
0.131163
0.131938
0.131595
0.132356
0.130701
0.13143
0.13111
0.131825
0.137854
0.138639
0.136415
0.13716
0.144809
0.145645
0.13949
0.140234
0.150146
0.15101
0.144613
0.145382
0.156058
0.156958
0.162336
0.163295
0.160801
0.161714
0.16177
0.162672
0.173204
0.174233
0.178497
0.179568
0.180698
0.18177
0.181112
0.182161
0.185342
0.18642
0.190075
0.191186
0.187033
0.188074
0.189325
0.190369
0.191642
0.192689
0.193338
0.19438
0.194201
0.195227
0.203906
0.205033
0.205468
0.206585
0.210903
0.212063
0.210391
0.211513
0.207547
0.208603
0.210423
0.211489
0.218414
0.219557
0.223412
0.22459
0.221715
0.22284
0.219214
0.220277
0.21943
0.220468
0.226177
0.227276
0.226694
0.227771
0.222853
0.223851
0.228292
0.229335
0.227784
0.228793
0.226171
0.227132
0.234043
0.235083
0.227293
0.228217
0.227981
0.228889
0.228593
0.229485
0.229146
0.230022
0.233127
0.234032
0.233514
0.2344
0.240153
0.241104
0.244811
0.245798
0.236835
0.237692
0.243145
0.244062
0.239652
0.240498
0.245308
0.246207
0.248108
0.24902
0.250257
0.251173
0.253236
0.254167
0.248551
0.249396
0.2497
0.250538
0.247075
0.247857
0.251644
0.252465
0.253682
0.254508
0.253994
0.254802
0.245157
0.245828
0.247933
0.248622
0.249017
0.249703
0.247337
0.247983
0.249926
0.250589
0.257913
0.258663
0.253557
0.254231
0.252163
0.2528
0.254954
0.255611
0.259191
0.259887
0.262554
0.263276
0.253698
0.254284
0.254084
0.25466
0.256102
0.256689
0.25407
0.254615
0.264248
0.264913
0.260561
0.26116
0.259246
0.259812
0.265353
0.265984
0.26261
0.263188
0.260352
0.260885
0.252199
0.252611
0.255023
0.255462
0.265066
0.265625
0.260022
0.2605
0.267249
0.267809
0.261271
0.261738
0.261202
0.261655
0.258071
0.258472
0.262268
0.262714
0.254215
0.254543
0.260603
0.261006
0.254812
0.255128
0.255748
0.256068
0.260112
0.260482
0.259753
0.260108
0.254827
0.255108
0.25767
0.257981
0.259149
0.259471
0.261189
0.261529
0.257051
0.257328
0.257878
0.258159
0.252841
0.253048
0.248853
0.249002
0.252101
0.252289
0.249481
0.249629
0.249992
0.250143
0.252306
0.252484
0.249423
0.249558
0.250753
0.250902
0.254899
0.255098
0.251026
0.25117
0.249677
0.249799
0.252652
0.25281
0.252966
0.253123
0.246894
0.246968
0.243614
0.243643
0.244543
0.244583
0.24669
0.246758
0.246792
0.246858
0.254791
0.254962
0.248902
0.24899
0.246308
0.24636
0.245465
0.245504
0.245509
0.245549
0.240509
0.240482
0.237565
0.237499
0.243504
0.243518
0.237376
0.237309
0.230391
0.230234
0.229134
0.228964
0.228008
0.227829
0.231734
0.231608
0.228371
0.228204
0.22353
0.223303
0.218469
0.218183
0.210634
0.210252
0.209119
0.208726
0.202847
0.202383
0.195014
0.194458
0.194458
0.19391
0.188099
0.187481
0.182264
0.181586
0.182877
0.182225
0.178129
0.177432
0.181644
0.181011
0.181704
0.181089
0.182777
0.182193
0.181635
0.181051
0.186925
0.186425
0.190327
0.189885
0.195483
0.195121
0.194129
0.193759
0.192037
0.191649
0.18497
0.184499
0.183819
0.183346
0.180959
0.18046
0.17407
0.173494
0.165013
0.164333
0.163257
0.162572
0.16108
0.160384
0.162973
0.16232
0.161109
0.160449
0.157776
0.157089
0.151712
0.150964
0.142777
0.141931
0.147732
0.146973
0.144695
0.143916
0.135761
0.134885
0.131386
0.130476
0.125525
0.124561
0.126293
0.125364
0.125731
0.12482
0.123254
0.122335
0.11763
0.11666
0.111537
0.110513
0.119237
0.118341
0.121448
0.120605
0.119865
0.119024
0.120937
0.120132
0.108489
0.10754
0.105616
0.104655
0.112731
0.111889
0.111797
0.110965
0.107934
0.107073
0.112724
0.111948
0.112447
0.111688
0.122354
0.121746
0.11772
0.117067
0.118783
0.11816
0.115883
0.115239
0.105164
0.104395
0.102115
0.101327
0.103165
0.102411
0.108796
0.108137
0.106528
0.105856
0.101262
0.100538
0.098136
0.0973902
0.0982132
0.0974881
0.0925643
0.091784
0.0893255
0.088523
0.0845708
0.0837269
0.0816101
0.0807495
0.0800936
0.0792357
0.0784081
0.0775506
0.0758924
0.0750244
0.064585
0.063591
0.0630551
0.0620671
0.0651979
0.0642641
0.0667772
0.0658888
0.0612181
0.0602799
0.0582207
0.0572678
0.0494628
0.0484197
0.0465992
0.0455459
0.0537814
0.0528503
0.0502675
0.0493147
0.0411439
0.040096
0.0451786
0.0442115
0.0504543
0.0495821
0.0504886
0.0496397
0.0514467
0.0506328
0.0537548
0.0529926
0.0501404
0.0493507
0.0511622
0.0504068
0.0489049
0.0481397
0.0515801
0.0508702
0.0545404
0.0538881
0.0586153
0.0580339
0.0589893
0.058428
0.0587877
0.0582386
0.0544921
0.0539009
0.0517267
0.0511147
0.042863
0.0421504
0.0476659
0.0470352
0.0386066
0.0378734
0.0364791
0.0357372
0.0335015
0.0327399
0.032674
0.0319216
0.029607
0.0288341
0.0317448
0.0310203
0.0288112
0.0280671
0.0210499
0.0202233
0.0178264
0.0169792
0.0100566
0.00912945
0.00610813
0.00515339
0.00652917
0.0056051
6.28101
6.28
6.27584
6.27478
6.27915
6.27816
6.28318
6.28228
6.28177
6.28087
6.27701
6.27607
6.27449
6.27354
6.27144
6.27047
6.26947
6.26851
6.2737
6.27282
6.27016
6.26926
6.26735
6.26644
6.26683
6.26593
6.26539
6.26449
6.26331
6.26241
6.25987
6.25895
6.25097
6.24996
6.24964
6.24863
6.24331
6.24225
6.23953
6.23844
6.23648
6.23539
6.23954
6.23851
6.23992
6.23892
6.23453
6.23349
6.232
6.23095
6.22591
6.22481
6.22652
6.22546
6.22301
6.22193
6.21999
6.2189
6.22077
6.21971
6.2159
6.21481
6.22188
6.2209
6.22011
6.21913
6.21038
6.2093
6.21053
6.20948
6.20352
6.2024
6.20571
6.20466
6.20058
6.19948
6.19766
6.19655
6.20566
6.20469
6.2076
6.20668
6.20157
6.20059
6.20881
6.20796
6.20095
6.20002
6.20859
6.20778
6.20052
6.19962
6.19646
6.19554
6.19015
6.18917
6.18375
6.18271
6.17693
6.17582
6.16891
6.16773
6.1676
6.16643
6.16334
6.16214
6.15917
6.15795
6.15438
6.15313
6.14699
6.14568
6.1549
6.15373
6.14905
6.14783
6.14428
6.14303
6.14021
6.13894
6.14234
6.14113
6.13378
6.1325
6.13156
6.13028
6.12665
6.12534
6.11799
6.11659
6.12408
6.12281
6.11476
6.11339
6.12167
6.12043
6.11368
6.11237
6.11112
6.1098
6.11327
6.11202
6.11498
6.11378
6.11644
6.1153
6.11389
6.11274
6.10824
6.10705
6.09834
6.09705
6.09752
6.09626
6.08668
6.08531
6.08366
6.08228
6.08965
6.08838
6.08373
6.08242
6.07961
6.07828
6.07915
6.07785
6.06981
6.06842
6.06694
6.06555
6.07522
6.07398
6.06438
6.06302
6.06129
6.05993
6.06585
6.06459
6.05587
6.05451
6.04833
6.04691
6.05213
6.05079
6.04398
6.04257
6.04843
6.04712
6.05079
6.04955
6.04609
6.04482
6.04805
6.04684
6.03748
6.03616
6.0339
6.03256
6.0252
6.02378
6.02796
6.02661
6.02171
6.02032
6.01135
6.00986
6.0161
6.01471
6.01302
6.01163
6.01058
6.00919
6.01193
6.0106
6.01735
6.01612
6.02123
6.02009
6.01539
6.0142
6.00433
6.00302
5.99534
5.99396
5.98628
5.98481
5.98426
5.9828
5.98135
5.97749
5.9754
5.97391
5.97241
5.97319
5.97172
5.96575
5.96422
5.96367
5.9565
5.95491
5.95448
5.95291
5.9599
5.95844
5.96215
5.96076
5.96052
5.95914
5.96049
5.95915
5.95363
5.95223
5.94665
5.9452
5.9481
5.94671
5.95233
5.95103
5.94177
5.94037
5.94859
5.94731
5.94155
5.94021
5.93616
5.93478
5.94105
5.93978
5.94257
5.94135
5.94856
5.94745
5.95295
5.95193
5.94543
5.94433
5.9486
5.94757
5.94235
5.94127
5.93767
5.93655
5.93916
5.93809
5.94454
5.94358
5.9489
5.94802
5.94083
5.93987
5.93698
5.93599
5.94458
5.94372
5.93461
5.93363
5.93481
5.93387
5.9376
5.93672
5.92837
5.92739
5.93372
5.93283
5.92463
5.92365
5.92744
5.92653
5.92804
5.92715
5.92017
5.9192
5.91539
5.91439
5.91525
5.91427
5.92022
5.91934
5.9153
5.91437
5.90827
5.90727
5.90627
5.90732
5.90216
5.90114
5.90581
5.90486
5.89413
5.89306
5.90021
5.89924
5.89721
5.89623
5.8985
5.89756
5.88907
5.88803
5.89443
5.89349
5.89797
5.8971
5.89172
5.89078
5.88634
5.88536
5.88024
5.87921
5.87292
5.87182
5.8711
5.87001
5.86657
5.86544
5.86517
5.86406
5.86355
5.86244
5.85411
5.85291
5.85171
5.85388
5.85272
5.86171
5.86069
5.85523
5.85414
5.85137
5.85027
5.84969
5.8486
5.84474
5.84361
5.85197
5.84118
5.84004
5.8389
5.83758
5.83644
5.8299
5.82869
5.83011
5.82893
5.82219
5.82094
5.8253
5.82413
5.8197
5.82257
5.8214
5.81869
5.8175
5.81398
5.81276
5.81493
5.81376
5.81258
5.80963
5.80843
5.80043
5.79915
5.79862
5.79735
5.79457
5.79328
5.79363
5.79236
5.78292
5.78929
5.78801
5.78246
5.78113
5.78601
5.78476
5.79227
5.79113
5.79281
5.79171
5.79598
5.79495
5.79104
5.78998
5.783
5.78185
5.78071
5.77884
5.77768
5.77159
5.77037
5.76817
5.76694
5.75887
5.75144
5.75004
5.75695
5.75566
5.75436
5.74823
5.74151
5.74008
5.7438
5.74244
5.73395
5.73249
5.73055
5.72909
5.72468
5.72318
5.72252
5.72103
5.72263
5.72118
5.71371
5.71219
5.70917
5.70762
5.70148
5.69988
5.70448
5.70295
5.69381
5.69219
5.69083
5.68921
5.68727
5.68564
5.67594
5.67421
5.68187
5.68026
5.68383
5.68229
5.6786
5.67703
5.6691
5.66745
5.6654
5.66374
5.66034
5.65865
5.65983
5.65819
5.65655
5.64978
5.64615
5.64441
5.64828
5.64662
5.63768
5.63592
5.63629
5.63456
5.63621
5.63453
5.63076
5.62905
5.62733
5.62194
5.62018
5.61722
5.61544
5.61631
5.61456
5.61861
5.61694
5.6178
5.61616
5.61028
5.6086
5.60676
5.60507
5.59703
5.59118
5.58935
5.59009
5.58829
5.5865
5.58595
5.58417
5.5745
5.58018
5.5784
5.57662
5.57069
5.57691
5.57517
5.57344
5.56847
5.5667
5.56994
5.56823
5.57308
5.57145
5.56724
5.56559
5.56987
5.56829
5.55781
5.55612
5.56127
5.55967
5.55556
5.55393
5.54405
5.5423
5.54313
5.54142
5.54473
5.54309
5.53892
5.53724
5.53609
5.53442
5.53094
5.52925
5.52072
5.51893
5.5158
5.514
5.50374
5.50183
5.49394
5.49195
5.48727
5.48524
5.4784
5.47631
5.47246
5.47035
5.4724
5.47034
5.46096
5.45881
5.46016
5.45805
5.45107
5.4489
5.44166
5.44531
5.44314
5.44098
5.43516
5.4312
5.42896
5.42673
5.41798
5.41566
5.41602
5.41373
5.407
5.40465
5.41069
5.40846
5.40039
5.39808
5.39085
5.38847
5.39241
5.39012
5.38923
5.38696
5.39301
5.39084
5.38679
5.3846
5.3818
5.37961
5.37328
5.37103
5.36747
5.3652
5.36033
5.35803
5.36127
5.35904
5.35028
5.34797
5.35212
5.34989
5.34625
5.344
5.33732
5.33501
5.33447
5.33219
5.32126
5.31886
5.322
5.31968
5.31675
5.31442
5.31338
5.31106
5.30597
5.30362
5.30322
5.30089
5.30397
5.30171
5.29265
5.29031
5.29579
5.29355
5.28569
5.28337
5.27915
5.27681
5.27005
5.26765
5.26893
5.26658
5.26252
5.26015
5.25327
5.25083
5.2503
5.24789
5.25192
5.24959
5.24313
5.24076
5.23623
5.23382
5.23391
5.23154
5.2288
5.22642
5.23223
5.22996
5.22396
5.22164
5.21886
5.21654
5.21818
5.21591
5.21602
5.21377
5.21319
5.21097
5.19992
5.19758
5.19215
5.18978
5.18483
5.18242
5.18222
5.17984
5.18063
5.17829
5.17132
5.16892
5.17079
5.16845
5.16999
5.1677
5.16173
5.15938
5.16097
5.15868
5.15153
5.14918
5.15001
5.14769
5.14284
5.14049
5.14292
5.14064
5.1317
5.12933
5.13749
5.13526
5.12467
5.12232
5.11805
5.11568
5.1174
5.11509
5.10743
5.10504
5.10344
5.10106
5.10134
5.099
5.08601
5.08353
5.08843
5.08605
5.08315
5.08076
5.07345
5.071
5.06742
5.06496
5.06617
5.06375
5.06382
5.06143
5.05532
5.05289
5.05619
5.05383
5.04652
5.04409
5.03833
5.03586
5.02644
5.02388
5.02082
5.01825
5.01246
5.00985
5.0079
5.0053
5.00451
5.00193
5.0026
5.00006
4.99354
4.99095
4.98044
4.97775
4.97948
4.97684
4.96757
4.96485
4.97326
4.97069
4.96594
4.96333
4.95246
4.94975
4.95072
4.94806
4.94896
4.94634
4.94702
4.94445
4.94044
4.93785
4.94101
4.9385
4.93287
4.93031
4.92778
4.92522
4.9154
4.91274
4.90803
4.90536
4.89719
4.89444
4.8982
4.89553
4.89206
4.88938
4.88527
4.88257
4.88169
4.87902
4.87165
4.86891
4.87049
4.86781
4.8609
4.85817
4.85416
4.85141
4.84794
4.84519
4.84825
4.84557
4.83935
4.83662
4.83413
4.83141
4.82536
4.82259
4.81525
4.81242
4.81456
4.8118
4.8097
4.80695
4.80284
4.80007
4.78799
4.78509
4.78892
4.78611
4.78006
4.77721
4.76722
4.76428
4.76454
4.76164
4.76524
4.76243
4.76413
4.76138
4.75262
4.74978
4.74672
4.74388
4.74281
4.73999
4.74119
4.73843
4.73124
4.72842
4.72181
4.71894
4.72031
4.71749
4.71879
4.71603
4.70983
4.70702
4.69924
4.69637
4.6971
4.69427
4.69011
4.68727
4.68173
4.67885
4.67764
4.67478
4.67192
4.66906
4.66878
4.66596
4.65889
4.65602
4.65604
4.65321
4.65147
4.64865
4.64559
4.64276
4.63467
4.63178
4.62806
4.62516
4.62532
4.62245
4.62248
4.61965
4.60932
4.60639
4.60364
4.60072
4.59786
4.59493
4.5844
4.58138
4.58616
4.58324
4.58053
4.57761
4.56841
4.5654
4.5611
4.55808
4.56371
4.5608
4.56352
4.56069
4.55234
4.54944
4.54058
4.5376
4.53148
4.52846
4.52343
4.52038
4.52037
4.51736
4.51586
4.51287
4.50261
4.49952
4.50147
4.49846
4.49279
4.48974
4.49191
4.48892
4.48357
4.48056
4.47373
4.47067
4.47133
4.46831
4.47303
4.47012
4.46414
4.46119
4.4618
4.45889
4.45055
4.44757
4.4442
4.44122
4.42891
4.4258
4.43011
4.4271
4.42409
4.42108
4.42216
4.41921
4.41413
4.41114
4.4051
4.40208
4.4033
4.40033
4.39605
4.39307
4.38926
4.38626
4.38484
4.38186
4.38187
4.37893
4.3709
4.3679
4.36801
4.36505
4.357
4.35397
4.35232
4.34931
4.34093
4.33784
4.34025
4.33724
4.33149
4.32844
4.32595
4.32291
4.31662
4.31354
4.30144
4.29824
4.30086
4.29774
4.30061
4.29756
4.28961
4.2865
4.28567
4.28259
4.27795
4.27485
4.27318
4.2701
4.26725
4.26417
4.26249
4.25943
4.24924
4.24608
4.25053
4.24748
4.23931
4.23619
4.22557
4.22235
4.21667
4.21342
4.21635
4.21318
4.20937
4.20619
4.20095
4.19774
4.18437
4.18103
4.17721
4.17386
4.17267
4.16936
4.16942
4.16614
4.16813
4.16492
4.16042
4.1572
4.1615
4.15838
4.14872
4.14551
4.14375
4.14057
4.13381
4.13057
4.12265
4.11935
4.12229
4.11908
4.12161
4.11847
4.12383
4.1208
4.11533
4.11227
4.10574
4.10264
4.09708
4.09395
4.09243
4.08932
4.09008
4.08701
4.07682
4.07366
4.07802
4.07496
4.07268
4.06963
4.06473
4.06165
4.05351
4.05037
4.04431
4.04113
4.03622
4.03302
4.02416
4.02088
4.02044
4.0172
4.01978
4.01662
4.01541
4.01227
4.00081
3.99756
4.00369
4.00056
3.99843
3.99532
3.99023
3.98709
3.99293
3.98991
3.98117
3.97807
3.97605
3.97297
3.96064
3.95744
3.94737
3.94408
3.94274
3.93947
3.93765
3.9344
3.92273
3.91937
3.90806
3.9046
3.9006
3.89713
3.9014
3.89804
3.89506
3.89169
3.88073
3.87726
3.87313
3.86965
3.8663
3.86283
3.85934
3.85587
3.85199
3.84852
3.84471
3.84123
3.84632
3.84295
3.83506
3.83163
3.83206
3.82868
3.82023
3.81678
3.81512
3.8117
3.80783
3.80441
3.79913
3.79568
3.79384
3.79041
3.78457
3.78111
3.77669
3.77322
3.7738
3.77038
3.7737
3.77037
3.76696
3.76363
3.76086
3.75753
3.7559
3.7526
3.74094
3.73753
3.73705
3.73368
3.73072
3.72735
3.72105
3.71764
3.7175
3.71414
3.71335
3.71002
3.70844
3.70513
3.70619
3.70294
3.70549
3.70232
3.69823
3.69505
3.69064
3.68744
3.6808
3.67756
3.67211
3.66883
3.66522
3.66194
3.66147
3.65822
3.65648
3.65326
3.64587
3.6426
3.63331
3.62995
3.62759
3.62424
3.62174
3.61841
3.61308
3.60972
3.59817
3.5947
3.59587
3.59247
3.58364
3.58017
3.57929
3.57585
3.5759
3.5725
3.56363
3.56016
3.5595
3.55607
3.55618
3.5528
3.55357
3.55024
3.54247
3.53908
3.53734
3.53397
3.53736
3.53408
3.52433
3.52096
3.52217
3.51887
3.52173
3.5185
3.51101
3.50773
3.50475
3.50147
3.49591
3.49261
3.49285
3.4896
3.48528
3.48201
3.48122
3.47798
3.47661
3.47339
3.48015
3.47706
3.47642
3.47337
3.47606
3.47309
3.46633
3.46331
3.45408
3.45097
3.45794
3.45496
3.44673
3.44369
3.43748
3.43439
3.43378
3.43073
3.42141
3.41827
3.41293
3.40977
3.41359
3.41052
3.41224
3.40923
3.40561
3.40259
3.39585
3.39279
3.38679
3.38368
3.37591
3.37275
3.3707
3.36755
3.36464
3.36149
3.36179
3.35868
3.34938
3.34619
3.3431
3.33992
3.3352
3.332
3.32167
3.31837
3.31441
3.3111
3.3053
3.30196
3.30013
3.29681
3.29519
3.29189
3.28666
3.28334
3.27191
3.26848
3.27246
3.26913
3.25778
3.25435
3.24883
3.24536
3.24601
3.2426
3.2326
3.2291
3.22155
3.218
3.22008
3.21661
3.22042
3.21704
3.21157
3.20816
3.20267
3.19923
3.1979
3.19449
3.18489
3.1814
3.17676
3.17326
3.17226
3.16879
3.15997
3.15642
3.14768
3.14406
3.1413
3.1377
3.13477
3.13118
3.13002
3.12646
3.11262
3.10892
3.10512
3.10143
3.09281
3.08905
3.08717
3.08343
3.07583
3.07205
3.0588
3.05489
3.05102
3.04711
3.04934
3.04551
3.03822
3.03434
3.02762
3.02371
3.02213
3.01825
3.01716
3.01331
3.00302
2.99909
2.99194
2.98797
2.99093
2.98705
2.976
2.97203
2.96834
2.96437
2.95509
2.95105
2.95321
2.94925
2.93758
2.93352
2.9371
2.93314
2.92912
2.92516
2.92546
2.92156
2.91828
2.91439
2.90497
2.901
2.89328
2.88926
2.88643
2.88243
2.8721
2.86802
2.86669
2.86264
2.86115
2.85713
2.84344
2.8393
2.83214
2.82796
2.82793
2.82381
2.81244
2.80822
2.81054
2.8064
2.80164
2.79749
2.78488
2.78062
2.78095
2.77675
2.7638
2.75949
2.7548
2.75048
2.74324
2.73888
2.73015
2.72574
2.72714
2.72281
2.71831
2.71397
2.70548
2.70109
2.69711
2.69273
2.69436
2.69005
2.68402
2.67969
2.66824
2.66382
2.66361
2.65925
2.6547
2.65033
2.64106
2.63662
2.62992
2.62545
2.61612
2.6137
2.6092
2.60374
2.59922
2.5921
2.58755
2.58163
2.57706
2.57249
2.57392
2.56306
2.55848
2.55426
2.54969
2.54485
2.54028
2.54194
2.53745
2.53312
2.52864
2.52608
2.52162
2.51799
2.51354
2.50959
2.50514
2.4961
2.4916
2.49429
2.48988
2.47786
2.47335
2.47484
2.47041
2.46056
2.45606
2.45081
2.4463
2.44842
2.444
2.43922
2.43479
2.43062
2.42619
2.41568
2.41117
2.41508
2.41069
2.4065
2.40211
2.39732
2.39293
2.39124
2.38687
2.37552
2.37106
2.36767
2.36323
2.35721
2.35275
2.35387
2.34948
2.33982
2.33536
2.33971
2.33537
2.32578
2.32137
2.32419
2.31987
2.31549
2.31117
2.29948
2.29507
2.293
2.28861
2.2905
2.2862
2.27446
2.27007
2.27155
2.26723
2.26213
2.2578
2.25462
2.25031
2.2498
2.24553
2.23783
2.23352
2.2291
2.22479
2.22052
2.21621
2.21089
2.20657
2.20744
2.20319
2.19868
2.19442
2.18796
2.18367
2.1898
2.18564
2.18049
2.17632
2.16827
2.16405
2.15862
2.15439
2.15675
2.15261
2.14851
2.14437
2.13385
2.12962
2.12697
2.12276
2.12226
2.1181
2.11032
2.10611
2.09903
2.09479
2.09438
2.09018
2.08615
2.08196
2.07724
2.07304
2.06724
2.06302
2.06396
2.0598
2.05591
2.05176
2.05484
2.05078
2.04172
2.0376
2.04331
2.03932
2.02883
2.02475
2.02867
2.0247
2.02467
2.02076
2.02169
2.01784
2.01837
2.01457
2.01614
2.01241
2.00795
2.00421
1.99729
1.99351
1.99041
1.98664
1.98476
1.98102
1.9754
1.97163
1.96104
1.95718
1.96268
1.95894
1.95588
1.95215
1.94978
1.94608
1.93494
1.93113
1.93635
1.93267
1.92455
1.92081
1.91109
1.90726
1.90256
1.89872
1.89082
1.88693
1.89155
1.88777
1.87871
1.87487
1.868
1.86411
1.8581
1.85418
1.84824
1.8443
1.84365
1.83975
1.84141
1.83758
1.83187
1.82802
1.82472
1.82087
1.81282
1.80892
1.80879
1.80494
1.80062
1.79677
1.79697
1.79317
1.79287
1.78912
1.78035
1.77653
1.78054
1.77682
1.76866
1.76488
1.76567
1.76195
1.76084
1.75716
1.75442
1.75075
1.75762
1.75409
1.7554
1.75193
1.74989
1.74644
1.73932
1.73583
1.74207
1.7387
1.73877
1.73545
1.72773
1.72435
1.72814
1.72485
1.72421
1.72096
1.71675
1.71348
1.71112
1.70786
1.71436
1.71123
1.70579
1.70264
1.69437
1.69114
1.68539
1.68213
1.68327
1.68007
1.6739
1.67066
1.66481
1.66153
1.65981
1.65656
1.65985
1.65668
1.65361
1.65044
1.65471
1.65164
1.64955
1.6465
1.64492
1.64189
1.63549
1.63241
1.63348
1.63046
1.62307
1.61999
1.61429
1.61117
1.61768
1.61469
1.6125
1.60952
1.60318
1.60015
1.59899
1.59599
1.58894
1.58589
1.58377
1.58073
1.57969
1.57668
1.57506
1.57207
1.57739
1.57451
1.57286
1.56999
1.56384
1.56092
1.56051
1.55763
1.55586
1.55299
1.5544
1.5516
1.54375
1.54088
1.53478
1.53186
1.52411
1.52113
1.51349
1.51044
1.5104
1.5074
1.50608
1.5031
1.50392
1.50099
1.50621
1.50339
1.50181
1.49901
1.49159
1.48873
1.49363
1.49086
1.49131
1.48859
1.48691
1.4842
1.4779
1.47515
1.4792
1.47654
1.47518
1.47253
1.46678
1.46409
1.46333
1.46067
1.45835
1.45569
1.44869
1.44597
1.43953
1.43676
1.42931
1.42648
1.41947
1.41659
1.42237
1.4196
1.4119
1.40907
1.4095
1.40671
1.40552
1.40275
1.39558
1.39275
1.38823
1.38538
1.37718
1.37426
1.37402
1.37113
1.36754
1.36464
1.36269
1.35981
1.36086
1.35803
1.35269
1.34982
1.35393
1.35116
1.34528
1.34247
1.35213
1.34948
1.34574
1.34308
1.3372
1.3345
1.34
1.33741
1.33715
1.33458
1.33505
1.33252
1.32574
1.32316
1.32975
1.32729
1.32804
1.32562
1.32442
1.32202
1.31572
1.31327
1.31565
1.31326
1.3054
1.30294
1.29617
1.29365
1.29945
1.29704
1.29293
1.2905
1.28556
1.2831
1.27939
1.27691
1.2831
1.28073
1.27359
1.27116
1.27244
1.27005
1.27036
1.26801
1.26142
1.25902
1.26089
1.25855
1.26117
1.25889
1.25823
1.25597
1.25429
1.25204
1.25331
1.25111
1.25044
1.24825
1.24265
1.24042
1.24985
1.24777
1.24019
1.23804
1.23916
1.23706
1.24178
1.23976
1.24069
1.23871
1.2405
1.23857
1.24012
1.23824
1.24017
1.23834
1.23258
1.2307
1.22252
1.22055
1.21778
1.2158
1.20985
1.20783
1.21012
1.20815
1.21111
1.20921
1.20201
1.20003
1.199
1.19703
1.19826
1.19634
1.19156
1.1896
1.19605
1.1942
1.18834
1.18644
1.18734
1.18547
1.18627
1.18444
1.19436
1.19268
1.18983
1.18814
1.18872
1.18706
1.19363
1.19207
1.18593
1.18431
1.19071
1.1892
1.18972
1.18824
1.18457
1.18306
1.19092
1.18953
1.1845
1.18307
1.19022
1.1889
1.18129
1.17988
1.18089
1.17952
1.18681
1.18555
1.18832
1.18712
1.18269
1.18144
1.18331
1.1821
1.17353
1.17223
1.17228
1.171
1.16956
1.16827
1.16953
1.16828
1.16431
1.16302
1.1664
1.16517
1.16583
1.16463
1.16566
1.16448
1.16485
1.1637
1.16518
1.16406
1.16443
1.16333
1.17087
1.16988
1.16922
1.16823
1.16042
1.15934
1.16065
1.15961
1.16538
1.16443
1.16405
1.16311
1.16315
1.16221
1.1642
1.16331
1.16306
1.16217
1.15679
1.15584
1.15559
1.15466
1.15406
1.15313
1.15275
1.15182
1.15047
1.14955
1.15097
1.15007
1.14327
1.1423
1.14098
1.14
1.13924
1.13827
1.13031
1.12924
1.13057
1.12954
1.13624
1.13531
1.13366
1.13271
1.13216
1.13122
1.13056
1.12962
1.12315
1.12214
1.12306
1.12207
1.12944
1.12856
1.12137
1.12041
1.12038
1.11944
1.11999
1.11907
1.11973
1.11883
1.12586
1.12506
1.12609
1.12532
1.11998
1.11914
1.12031
1.1195
1.11938
1.11858
1.12593
1.12524
1.11935
1.11858
1.11196
1.11112
1.11039
1.10955
1.10174
1.10081
1.09952
1.09859
1.10142
1.10054
1.10066
1.09979
1.10546
1.10468
1.0976
1.09673
1.10265
1.10187
1.10265
1.1019
1.09271
1.09184
1.09211
1.09125
1.09189
1.09106
1.0991
1.09838
1.09631
1.09558
1.08973
1.08893
1.09364
1.09291
1.09284
1.09212
1.08586
1.08506
1.08615
1.08538
1.08543
1.08467
1.09051
1.08984
1.08152
1.08074
1.08054
1.07978
1.0805
1.07975
1.08606
1.0854
1.07722
1.07647
1.07862
1.07791
1.07712
1.07641
1.08138
1.08074
1.07551
1.07482
1.07972
1.07909
1.0713
1.07058
1.07554
1.07489
1.07
1.0693
1.07526
1.07465
1.06686
1.06615
1.07441
1.07382
1.06816
1.06751
1.07234
1.07175
1.06973
1.06913
1.06715
1.06652
1.06602
1.0654
1.06455
1.06393
1.06293
1.06231
1.06331
1.0627
1.06151
1.0609
1.05999
1.05937
1.05683
1.05619
1.04823
1.04749
1.05554
1.05492
1.05384
1.05321
1.05208
1.05145
1.04776
1.04709
1.04582
1.04513
1.04472
1.04404
1.04548
1.04483
1.04226
1.04158
1.03381
1.03304
1.03993
1.03926
1.03026
1.02948
1.03537
1.03467
1.03316
1.03246
1.02921
1.02847
1.02569
1.02493
1.02119
1.02039
1.01717
1.01633
1.00833
1.0074
1.01412
1.01329
1.01182
1.01098
1.00988
1.00904
0.999438
0.998482
1.00436
1.00349
1.00357
1.00271
1.00177
1.00091
0.999012
0.998144
0.991709
0.990767
0.994473
0.993593
0.985643
0.984669
0.990815
0.989935
0.981193
0.98021
0.985398
0.984496
0.975683
0.974677
0.97978
0.978855
0.976768
0.975827
0.968525
0.967501
0.971283
0.970321
0.966191
0.965187
0.962156
0.961126
0.958608
0.957559
0.95579
0.954731
0.954418
0.953369
0.952778
0.951735
0.942371
0.941218
0.937758
0.936575
0.940834
0.939722
0.930486
0.929268
0.933557
0.932411
0.929808
0.928643
0.927093
0.925923
0.925011
0.923845
0.923047
0.921885
0.915509
0.914279
0.911984
0.91074
0.907183
0.905908
0.911297
0.91011
0.907178
0.905968
0.897574
0.89627
0.900806
0.899578
0.897108
0.895864
0.893795
0.89254
0.884175
0.882826
0.881091
0.879737
0.882832
0.881537
0.873992
0.872615
0.871574
0.870201
0.866594
0.865191
0.867824
0.866475
0.85725
0.855797
0.859825
0.858444
0.849168
0.847684
0.844557
0.843051
0.839015
0.837476
0.843199
0.841755
0.833528
0.831994
0.835152
0.83368
0.824046
0.822467
0.825332
0.823811
0.82319
0.821681
0.821977
0.820492
0.813466
0.811908
0.815564
0.814075
0.803957
0.802355
0.807055
0.805536
0.802604
0.801066
0.800178
0.798648
0.798402
0.79689
0.789233
0.787639
0.791384
0.78986
0.780932
0.779311
0.784934
0.783409
0.779746
0.778192
0.774094
0.772507
0.762186
0.760484
0.765167
0.763549
0.762253
0.760639
0.750218
0.748488
0.749804
0.748115
0.743572
0.741845
0.737983
0.736228
0.729025
0.727198
0.729301
0.727525
0.71837
0.716498
0.718862
0.717046
0.709785
0.707897
0.704404
0.702495
0.706536
0.704705
0.69479
0.692853
0.696176
0.694308
0.684736
0.682766
0.683604
0.681672
0.679146
0.677206
0.674841
0.672895
0.671409
0.669469
0.660517
0.658485
0.654687
0.652631
0.657995
0.656037
0.653485
0.651519
0.648257
0.646275
0.642619
0.640615
0.631002
0.628897
0.630639
0.628585
0.626273
0.624216
0.615492
0.613347
0.61059
0.608437
0.605246
0.603079
0.599501
0.597315
0.600549
0.598435
0.594312
0.592171
0.582494
0.580255
0.583786
0.581622
0.572623
0.570369
0.569188
0.566948
0.565585
0.563357
0.563986
0.561796
0.558072
0.555861
0.547366
0.545073
0.540804
0.538484
0.53382
0.531469
0.534701
0.532424
0.527912
0.525605
0.516689
0.514295
0.516804
0.514475
0.506345
0.50394
0.501207
0.498798
0.49498
0.492552
0.488165
0.485712
0.489053
0.486675
0.476934
0.47446
0.470144
0.467645
0.462265
0.459729
0.460734
0.458244
0.456994
0.45452
0.447135
0.444596
0.448518
0.446065
0.443306
0.440849
0.430011
0.427444
0.431265
0.428781
0.418423
0.415836
0.420829
0.418341
0.408255
0.405668
0.402787
0.400196
0.396327
0.393719
0.399265
0.396764
0.386977
0.38438
0.380978
0.378371
0.382163
0.37964
0.377215
0.374693
0.371791
0.369265
0.368024
0.365514
0.356033
0.353431
0.358164
0.355659
0.345358
0.34275
0.346379
0.343853
0.335005
0.332396
0.328486
0.32586
0.323837
0.321219
0.325509
0.322982
0.320341
0.317813
0.308924
0.306311
0.308751
0.306205
0.304322
0.301785
0.299523
0.29699
0.293859
0.291318
0.282922
0.280304
0.283517
0.280976
0.270934
0.268293
0.264452
0.261796
0.257411
0.254732
0.257481
0.254874
0.244516
0.241807
0.24649
0.243877
0.241903
0.239299
0.228556
0.225845
0.22849
0.22585
0.222616
0.219968
0.210632
0.207895
0.211342
0.208687
0.197758
0.194994
0.199596
0.196929
0.19433
0.191664
0.180956
0.178184
0.176193
0.173432
0.177305
0.174631
0.165671
0.162915
0.159908
0.157148
0.160266
0.157583
0.15452
0.151832
0.149209
0.146522
0.138779
0.136025
0.13153
0.128754
0.126012
0.123236
0.122083
0.119329
0.123629
0.120968
0.11246
0.109721
0.108042
0.105317
0.102425
0.0996981
0.103023
0.100376
0.0907116
0.087972
0.0864924
0.0837694
0.0874927
0.0848545
0.0821601
0.0795211
0.0698568
0.0671254
0.0721148
0.069485
0.0600061
0.0572862
0.0619521
0.0593293
0.049942
0.0472302
0.0526934
0.0500892
0.0409438
0.0382535
0.0339694
0.0312582
0.0298034
0.0271087
0.0245217
0.0218285
0.0268406
0.0242487
0.0222832
0.0196996
0.0181379
0.0155677
0.0131305
0.010562
0.00599782
0.00340312
6.28263
6.28002
6.27209
6.26941
6.27549
6.27292
6.26931
6.26673
6.25837
6.25571
6.25516
6.25253
6.25488
6.25232
6.2496
6.24704
6.24593
6.24338
6.24037
6.23781
6.22951
6.22688
6.23036
6.22781
6.2184
6.21576
6.21262
6.20998
6.20585
6.20319
6.19943
6.19675
6.19487
6.1922
6.1964
6.19382
6.19158
6.189
6.18018
6.17753
6.18345
6.18091
6.17804
6.17549
6.16836
6.16575
6.16897
6.16644
6.16543
6.16292
6.16115
6.15865
6.15008
6.1475
6.14592
6.14335
6.14027
6.13769
6.14129
6.1388
6.13103
6.12847
6.12624
6.12368
6.12791
6.12544
6.11702
6.11447
6.1177
6.11523
6.10629
6.10373
6.10056
6.098
6.1031
6.10063
6.09214
6.0896
6.09469
6.09225
6.08458
6.08207
6.07847
6.07595
6.07879
6.07634
6.07241
6.06993
6.06739
6.06491
6.0567
6.05415
6.05375
6.05123
6.05617
6.05375
6.0528
6.05039
6.04759
6.04518
6.03907
6.03662
6.03364
6.03117
6.02736
6.02487
6.02919
6.0268
6.01747
6.01498
6.01177
6.00928
6.00682
6.00433
6.00126
5.99875
6.004
6.0016
5.99493
5.99248
5.99092
5.98848
5.99401
5.99167
5.98163
5.97919
5.98402
5.98167
5.97439
5.97198
5.97744
5.97513
5.97445
5.97216
5.96474
5.96238
5.96636
5.96409
5.95385
5.95148
5.95057
5.94821
5.95288
5.95061
5.94904
5.94679
5.94511
5.94286
5.94068
5.93843
5.93044
5.92812
5.92658
5.92427
5.93047
5.92827
5.92495
5.92274
5.91527
5.91299
5.91073
5.90845
5.90514
5.90284
5.90692
5.90471
5.90188
5.89966
5.89226
5.88997
5.88727
5.88498
5.88157
5.87926
5.87668
5.87437
5.8737
5.87141
5.86985
5.86757
5.87166
5.86946
5.86236
5.8601
5.85985
5.85761
5.85667
5.85445
5.85315
5.85095
5.85547
5.85335
5.85257
5.85048
5.85078
5.84871
5.8459
5.84382
5.83447
5.8323
5.83773
5.83566
5.82634
5.82417
5.82877
5.82669
5.8247
5.82262
5.81427
5.81211
5.8093
5.80713
5.81216
5.81008
5.80818
5.8061
5.79751
5.79535
5.79994
5.79787
5.79446
5.79237
5.79027
5.78818
5.78295
5.78082
5.77784
5.7757
5.7748
5.77268
5.77303
5.77094
5.77032
5.76824
5.76631
5.76424
5.76799
5.76599
5.75909
5.75703
5.76399
5.76205
5.75364
5.75161
5.74992
5.7479
5.75025
5.74829
5.74463
5.74264
5.73989
5.7379
5.73612
5.73413
5.72647
5.72441
5.7279
5.7259
5.72527
5.7233
5.72037
5.71838
5.70987
5.70779
5.70451
5.70242
5.70252
5.70046
5.69337
5.69124
5.68739
5.68524
5.67691
5.67468
5.67862
5.67647
5.66913
5.66691
5.67024
5.6681
5.66025
5.65803
5.65515
5.65292
5.65929
5.65717
5.6482
5.64599
5.6432
5.64099
5.64011
5.63792
5.64318
5.64109
5.63878
5.63668
5.63537
5.63328
5.63129
5.6292
5.62073
5.61855
5.61718
5.61501
5.61879
5.6167
5.60792
5.60574
5.61067
5.60859
5.60003
5.59786
5.59567
5.59351
5.59767
5.59559
5.59567
5.59362
5.58603
5.58391
5.58215
5.58003
5.57812
5.576
5.58089
5.57886
5.57625
5.57422
5.57139
5.56934
5.56249
5.56038
5.55894
5.55684
5.55445
5.55234
5.5513
5.54921
5.54721
5.54512
5.54923
5.54723
5.53979
5.53771
5.53501
5.53292
5.5358
5.53378
5.52669
5.52461
5.52195
5.51986
5.52521
5.52321
5.52005
5.51804
5.51606
5.51405
5.50627
5.50418
5.50832
5.50632
5.49916
5.49709
5.49416
5.49208
5.4956
5.49358
5.4856
5.48351
5.47994
5.47784
5.47815
5.47607
5.48119
5.47921
5.47168
5.46963
5.47447
5.47251
5.47057
5.4686
5.45952
5.45746
5.45658
5.45454
5.4587
5.45674
5.44769
5.44563
5.44963
5.44766
5.43872
5.43665
5.43992
5.43792
5.43583
5.43383
5.42476
5.42267
5.42078
5.41869
5.41622
5.41413
5.41442
5.41236
5.41704
5.41506
5.41416
5.4122
5.41026
5.4083
5.40823
5.4063
5.39627
5.39423
5.39224
5.3902
5.38907
5.38704
5.39368
5.39177
5.38829
5.38635
5.37939
5.37739
5.37436
5.37235
5.37457
5.37261
5.37137
5.36942
5.3633
5.36129
5.36017
5.35818
5.36164
5.35972
5.35346
5.35148
5.34882
5.34684
5.34391
5.34191
5.33892
5.33691
5.33464
5.33263
5.32979
5.32776
5.32553
5.3235
5.32102
5.31898
5.31656
5.31452
5.31918
5.31723
5.30876
5.30672
5.3134
5.31147
5.3086
5.30667
5.30422
5.30228
5.30037
5.29843
5.29647
5.29453
5.29331
5.29138
5.29063
5.28871
5.27948
5.27747
5.28391
5.282
5.27931
5.2774
5.26903
5.26703
5.2732
5.27131
5.26968
5.26779
5.26618
5.2643
5.26117
5.25927
5.25798
5.25609
5.24839
5.24643
5.25033
5.24844
5.2417
5.23975
5.23932
5.23739
5.24211
5.24026
5.2304
5.22845
5.23376
5.23191
5.23069
5.22884
5.22847
5.22664
5.21798
5.21606
5.22072
5.21889
5.21747
5.21564
5.20976
5.20789
5.2074
5.20554
5.20974
5.20796
5.20677
5.205
5.19766
5.19581
5.2011
5.19934
5.19171
5.18988
5.19512
5.19339
5.18458
5.18275
5.17978
5.17794
5.17563
5.17378
5.17311
5.17128
5.16889
5.16705
5.16654
5.16471
5.17171
5.17
5.16737
5.16565
5.16487
5.16316
5.15947
5.15773
5.14964
5.14782
5.15232
5.15059
5.15024
5.14852
5.14672
5.145
5.14242
5.14069
5.13125
5.12942
5.12788
5.12606
5.13026
5.12851
5.12766
5.12593
5.11638
5.11454
5.11804
5.11627
5.10757
5.10571
5.10945
5.10766
5.10586
5.10408
5.09643
5.09456
5.09093
5.08904
5.0878
5.08592
5.08583
5.08398
5.08206
5.0802
5.08536
5.0836
5.08196
5.0802
5.07856
5.0768
5.06718
5.06532
5.0629
5.06103
5.05988
5.05802
5.06412
5.06236
5.05825
5.05646
5.05414
5.05234
5.04642
5.04457
5.04389
5.04205
5.04537
5.0436
5.03618
5.03434
5.03324
5.03141
5.03496
5.0332
5.02636
5.02453
5.02177
5.01993
5.02455
5.0228
5.01275
5.01089
5.00784
5.00596
5.00469
5.00282
5.00647
5.00468
4.99608
4.99419
4.99118
4.98927
4.9942
4.99238
4.98354
4.98164
4.97817
4.97625
4.98257
4.98075
4.97236
4.97046
4.9765
4.97471
4.96834
4.96648
4.97102
4.96924
4.96203
4.96019
4.95669
4.95483
4.96107
4.95931
4.95017
4.94831
4.94619
4.94433
4.94978
4.94801
4.94489
4.94311
4.94059
4.9388
4.93773
4.93595
4.93488
4.9331
4.925
4.92314
4.92143
4.91957
4.92506
4.9233
4.91387
4.91201
4.90919
4.90731
4.90421
4.90232
4.90703
4.90523
4.90204
4.90022
4.89796
4.89613
4.88767
4.88575
4.88317
4.88124
4.87749
4.87554
4.88069
4.87884
4.86939
4.86744
4.87127
4.86939
4.8608
4.85883
4.85589
4.85392
4.85642
4.8545
4.8443
4.84227
4.84152
4.83951
4.84313
4.84119
4.83241
4.83039
4.83277
4.8308
4.82724
4.82525
4.82472
4.82275
4.81517
4.81313
4.81016
4.8081
4.81433
4.81238
4.80406
4.80203
4.80028
4.79825
4.80276
4.80082
4.79836
4.79641
4.78621
4.78416
4.78913
4.78716
4.77723
4.77516
4.77319
4.77112
4.76965
4.76759
4.77085
4.76886
4.75935
4.75726
4.75457
4.75247
4.75143
4.74935
4.74678
4.74469
4.74726
4.74523
4.74253
4.74049
4.73282
4.73071
4.73678
4.73478
4.72472
4.72261
4.7258
4.72376
4.71428
4.71215
4.71457
4.71249
4.7096
4.70751
4.69778
4.69559
4.693
4.69081
4.68886
4.68667
4.69246
4.69038
4.68805
4.68596
4.68316
4.68106
4.67926
4.67716
4.67353
4.67141
4.6615
4.65928
4.65614
4.65391
4.64988
4.64762
4.65103
4.64885
4.6391
4.63682
4.63399
4.63171
4.63679
4.6346
4.63101
4.6288
4.62709
4.62489
4.61793
4.61567
4.61393
4.61167
4.61509
4.61291
4.60433
4.60207
4.60622
4.60404
4.5959
4.59364
4.5911
4.58884
4.58529
4.58301
4.58785
4.58567
4.57467
4.57236
4.57049
4.56819
4.56477
4.56246
4.56469
4.56243
4.56001
4.55776
4.55607
4.55382
4.546
4.54368
4.54861
4.54639
4.53738
4.53506
4.53946
4.53723
4.52763
4.5253
4.52915
4.52691
4.51696
4.51461
4.51334
4.51101
4.51552
4.51328
4.50304
4.50069
4.50626
4.50402
4.50306
4.50083
4.49854
4.49632
4.49266
4.49042
4.48757
4.48532
4.4826
4.48034
4.47259
4.47026
4.46721
4.46488
4.46927
4.46701
4.46414
4.46188
4.45289
4.45054
4.45291
4.45063
4.44834
4.44605
4.44333
4.44104
4.43831
4.43601
4.42579
4.42339
4.42245
4.42006
4.41904
4.41668
4.41508
4.41273
4.41061
4.40826
4.41216
4.40989
4.40157
4.39922
4.40536
4.40313
4.40002
4.39777
4.38926
4.38693
4.38528
4.38296
4.38612
4.38387
4.38082
4.37856
4.37574
4.37347
4.36536
4.36302
4.36574
4.36346
4.36197
4.35971
4.35216
4.34982
4.34757
4.34524
4.34241
4.34007
4.33865
4.33632
4.33401
4.33168
4.33562
4.33337
4.324
4.32166
4.32547
4.32321
4.31457
4.31222
4.30935
4.307
4.3035
4.30113
4.3055
4.30322
4.30047
4.29819
4.29621
4.29393
4.28539
4.28302
4.28622
4.28393
4.28249
4.28021
4.27898
4.27672
4.26759
4.26523
4.26915
4.26688
4.25844
4.25609
4.25424
4.25189
4.25508
4.25281
4.24336
4.24099
4.24549
4.24321
4.23456
4.2322
4.23574
4.23345
4.22474
4.22237
4.22545
4.22316
4.22108
4.21879
4.20966
4.20728
4.20497
4.20259
4.20705
4.20476
4.2016
4.1993
4.19656
4.19425
4.19326
4.19097
4.18862
4.18632
4.18366
4.18136
4.17373
4.17136
4.16998
4.16763
4.16599
4.16365
4.16206
4.15973
4.15759
4.15526
4.15827
4.156
4.15612
4.15389
4.15097
4.14872
4.14643
4.14419
4.13331
4.13096
4.12927
4.12692
4.13256
4.13032
4.12769
4.12545
4.12306
4.12081
4.11268
4.11036
4.1088
4.10649
4.10954
4.1073
4.10704
4.10482
4.09348
4.09115
4.08937
4.08704
4.08602
4.0837
4.08157
4.07926
4.08136
4.07911
4.07207
4.06975
4.06736
4.06505
4.06287
4.06055
4.0571
4.05477
4.05049
4.04814
4.04729
4.04495
4.0496
4.04735
4.04516
4.04292
4.03263
4.03028
4.0345
4.03223
4.02417
4.02183
4.02732
4.02508
4.02238
4.02014
4.01727
4.01502
4.01322
4.01097
4.00118
3.99883
3.99778
3.99545
3.99326
3.99094
3.99707
3.99485
3.98964
3.98739
3.98472
3.98246
3.97512
3.97279
3.97753
3.9753
3.97361
3.97138
3.96328
3.96097
3.95837
3.95606
3.95961
3.95738
3.94967
3.94736
3.946
3.94371
3.94722
3.94501
3.93872
3.93645
3.9413
3.93913
3.93121
3.92896
3.9255
3.92323
3.9186
3.91631
3.91557
3.91329
3.91759
3.9154
3.90563
3.90334
3.90074
3.89845
3.90302
3.90082
3.89796
3.89574
3.89563
3.89344
3.88656
3.88431
3.88892
3.88676
3.88589
3.88375
3.87487
3.87264
3.8773
3.87516
3.8661
3.86388
3.86387
3.86167
3.86007
3.85788
3.86135
3.85923
3.84999
3.84778
3.85325
3.85114
3.84278
3.84058
3.8381
3.8359
3.83967
3.83755
3.83662
3.83452
3.82709
3.82492
3.82947
3.82739
3.81984
3.81768
3.82135
3.81928
3.81767
3.8156
3.81354
3.81147
3.80182
3.79965
3.79783
3.79566
3.79406
3.7919
3.79064
3.78849
3.79244
3.79037
3.78712
3.78503
3.78325
3.78117
3.77207
3.7699
3.77433
3.77225
3.76357
3.7614
3.75997
3.75781
3.76178
3.7597
3.75739
3.75531
3.74608
3.7439
3.74348
3.74133
3.74591
3.74384
3.73888
3.73678
3.73086
3.7287
3.72865
3.72652
3.71786
3.71564
3.71448
3.71228
3.7088
3.70658
3.70788
3.70571
3.70349
3.70132
3.6968
3.6946
3.6987
3.69658
3.69515
3.69304
3.68306
3.68085
3.67816
3.67594
3.67257
3.67034
3.67408
3.67192
3.66846
3.66629
3.66396
3.66179
3.6615
3.65935
3.64967
3.64742
3.645
3.64275
3.64192
3.63969
3.63809
3.63587
3.6405
3.63837
3.63102
3.62882
3.62732
3.62513
3.63114
3.62906
3.62573
3.62363
3.61623
3.61406
3.61024
3.60805
3.61201
3.6099
3.60716
3.60504
3.59784
3.59565
3.59856
3.59644
3.58841
3.58621
3.58224
3.58002
3.57748
3.57525
3.572
3.56976
3.56682
3.56458
3.56527
3.56306
3.56238
3.56019
3.55869
3.55651
3.56318
3.56111
3.55716
3.55507
3.54658
3.5444
3.55171
3.54966
3.54449
3.5424
3.53961
3.53751
3.5374
3.53533
3.53373
3.53166
3.53076
3.52871
3.52084
3.51871
3.51662
3.51449
3.51113
3.50898
3.51232
3.51025
3.50213
3.49998
3.50502
3.50296
3.50175
3.4997
3.49612
3.49405
3.49257
3.49051
3.48269
3.48055
3.47814
3.476
3.48093
3.47888
3.46932
3.46718
3.47093
3.46887
3.4681
3.46605
3.45794
3.45582
3.46054
3.4585
3.45812
3.4561
3.45031
3.44825
3.4464
3.44434
3.44064
3.43855
3.4444
3.44242
3.43948
3.43748
3.42831
3.42622
3.42248
3.42037
3.42314
3.42109
3.41205
3.40992
3.40712
3.40497
3.40258
3.40043
3.40604
3.404
3.39636
3.39424
3.39203
3.38991
3.38723
3.3851
3.38177
3.37963
3.37647
3.37431
3.37873
3.37666
3.36833
3.36617
3.37215
3.3701
3.35942
3.35726
3.36157
3.35949
3.35139
3.34924
3.35272
3.35063
3.34756
3.34546
3.34405
3.34196
3.33388
3.33171
3.33573
3.33365
3.33223
3.33016
3.33046
3.32842
3.32471
3.32265
3.32187
3.31982
3.31959
3.31757
3.31006
3.30796
3.31326
3.31126
3.30144
3.29934
3.30449
3.30249
3.2929
3.2908
3.29585
3.29384
3.29274
3.29074
3.2895
3.28751
3.28731
3.28535
3.27895
3.27693
3.28053
3.27858
3.27849
3.27657
3.2733
3.27136
3.26733
3.26536
3.26403
3.26207
3.25534
3.25332
3.25982
3.25791
3.25533
3.25341
3.24376
3.24174
3.24703
3.24511
3.23703
3.23502
3.23929
3.23737
3.23448
3.23254
3.23194
3.23002
3.22111
3.2191
3.2239
3.22197
3.21304
3.21102
3.20745
3.20542
3.20776
3.20579
3.20292
3.20093
3.19926
3.19727
3.18923
3.18717
3.19061
3.18862
3.1806
3.17853
3.18227
3.18028
3.17849
3.1765
3.16647
3.16437
3.1625
3.1604
3.15871
3.15662
3.16292
3.16094
3.15255
3.15048
3.15609
3.15413
3.15221
3.15025
3.14832
3.14636
3.13874
3.13671
3.13328
3.13122
3.13078
3.12875
3.13406
3.13213
3.12269
3.12065
3.12551
3.12357
3.12151
3.11956
3.11058
3.10854
3.11288
3.11093
3.10136
3.09931
3.09702
3.09496
3.10078
3.09883
3.08929
3.08723
3.09163
3.08966
3.08696
3.08498
3.07823
3.07619
3.07538
3.07335
3.07599
3.07402
3.0688
3.06679
3.05846
3.05637
3.05222
3.05011
3.05419
3.05216
3.04847
3.04641
3.03741
3.03526
3.03153
3.02936
3.02642
3.02424
3.02344
3.02128
3.01881
3.01664
3.01341
3.01123
3.00927
3.00709
3.00449
3.00231
3.00011
2.99793
2.9951
2.99291
2.98881
2.9866
2.99087
2.98874
2.98732
2.9852
2.98252
2.98039
2.97823
2.9761
2.97127
2.96911
2.965
2.96281
2.96265
2.96049
2.9566
2.95442
2.95227
2.95008
2.94019
2.9379
2.93467
2.93237
2.93667
2.93446
2.93278
2.93058
2.92535
2.9231
2.91999
2.91773
2.91686
2.91462
2.91214
2.90989
2.90758
2.90534
2.89761
2.8953
2.8945
2.8922
2.89084
2.88856
2.88692
2.88465
2.88834
2.88614
2.88469
2.88251
2.88086
2.87869
2.87688
2.87471
2.86991
2.8677
2.85996
2.85768
2.85387
2.85157
2.85531
2.85309
2.85069
2.84847
2.83869
2.83637
2.83314
2.8308
2.83338
2.83111
2.82861
2.82634
2.8252
2.82294
2.81572
2.8134
2.81111
2.80879
2.80647
2.80415
2.80225
2.79993
2.79705
2.79472
2.79242
2.79009
2.78881
2.7865
2.78418
2.78187
2.78754
2.78533
2.7751
2.77279
2.76882
2.76648
2.7691
2.76683
2.76574
2.76348
2.76087
2.75862
2.75637
2.75411
2.75018
2.7479
2.74538
2.7431
2.73587
2.73352
2.73939
2.73715
2.72686
2.72451
2.72114
2.71878
2.71535
2.71298
2.71536
2.71305
2.70959
2.70727
2.7047
2.70237
2.70071
2.69839
