0
0
0
-0.247887
1.58114
4.75378
-3.51352
-0.138859
-0.246908
-3.64123
-4.64222
-3.37739
-3.61847
-0.447784
3.44089
0.765715
-3.64959
-6.24835
-3.53112
1.77589
1.52057
-3.73551
-2.21046
3.92721
0.0440903
-2.84322
0.653942
-3.09873
-5.59115
-5.10746
-2.23932
2.61575
1.89734
1.76976
3.21462
5.07461
1.25431
-0.755139
5.63417
1.50441
-4.22971
-3.63475
2.60915
6.28647
5.80498
5.8272
3.69561
3.13813
-0.166143
2.11188
4.72289
5.66721
0.22775
-3.99905
2.21438
1.92846
-1.01996
2.35397
2.04818
3.13403
4.95584
3.24525
-1.54355
0.458972
4.0107
0.154652
-5.59954
-5.32061
0.388459
1.04189
0.916936
4.2782
1.51318
1.45291
-0.725972
-3.02217
1.55675
3.12602
1.85844
-3.30058
-4.46829
-4.52718
-2.17992
2.94417
2.89189
3.37372
2.09374
-2.07817
-5.51641
-0.568143
3.0082
3.67914
0.297085
-3.40655
1.19388
0.535727
-4.86258
-0.150717
-0.321245
-0.190789
4.95605
4.97399
0.430211
0.104203
4.86622
5.1797
1.23575
-3.68766
0.919456
5.567
4.31445
3.92182
3.86439
3.9412
4.55507
5.64479
0.491548
1.27802
1.26237
-4.11783
0.505127
0.257614
0.695587
1.54016
-0.112845
4.5012
4.94731
0.0580013
-5.03557
-0.875626
4.22421
-0.512625
-1.30589
-0.710244
-5.24625
-4.53764
-5.15716
-1.39306
-1.63474
-2.01855
-1.20249
-6.23134
-1.15842
3.05007
3.0516
-0.931968
-4.61635
-4.70242
-0.516308
-0.910489
-5.88471
-0.956618
0.153287
-4.70896
-5.28538
-1.48042
2.90999
2.89825
3.779
3.58355
-0.830139
-4.16825
-3.49341
-3.75037
-2.78394
1.45358
5.49169
0.563233
0.859038
4.71948
0.20622
-3.67507
0.852988
2.31151
-2.37113
1.83206
2.48388
-1.87982
-2.90297
1.00093
0.439324
0.891469
5.66898
4.32091
-0.287193
-3.30649
-3.87415
-3.75442
-2.40306
-2.28937
1.16819
3.99392
4.29579
3.88921
1.20173
-3.38302
0.666928
-1.20386
-1.06729
4.05253
0.779069
-4.62323
-2.42027
3.29934
-0.59197
-0.94059
3.03443
-0.139299
-4.1984
-0.406903
-2.03084
-3.35522
-2.53169
-3.26218
1.27614
3.78677
-1.40268
-0.733617
-0.691612
-6.06258
-0.137712
0.526411
-2.47927
3.70819
3.84648
3.91813
3.17781
1.83152
-2.80693
-0.918817
4.81376
-0.524061
-4.94836
-4.57586
-0.829262
-0.145251
-4.48726
-0.20076
2.27551
2.3716
0.655998
-1.2115
4.00651
5.55359
4.58388
5.91006
0.927639
-3.5745
2.54758
1.09644
1.4963
6.07011
5.61431
1.71905
-0.246603
5.57289
1.7895
-1.55751
3.39862
2.65906
-1.10587
-2.16363
-4.43494
-4.56157
-5.32349
-1.73092
3.72688
2.86417
0.0153867
-2.54097
1.21754
-2.79962
0.161813
0.507582
-6.26213
-3.37302
1.03525
2.89979
0.439875
-0.110162
-3.13406
-6.18198
-0.591298
2.18149
0.536736
0.590646
3.91187
1.16633
0.683312
4.01561
-1.92284
-2.89764
-2.11535
0.750079
5.03822
4.97708
-0.324477
-2.4715
-4.1651
-1.15151
5.57834
2.56031
2.55572
2.90063
1.87706
2.89351
-0.629507
-0.721456
-0.723765
0.30351
3.49036
0.151132
-0.413114
-3.58393
-0.504655
5.98161
2.63978
-3.33733
-0.453179
0.623982
0.444092
-0.0720421
2.69685
3.51425
1.08311
-1.23714
2.62011
-1.10504
2.47211
1.75151
-1.54527
4.27966
1.54711
0.824579
1.86102
0.856176
-2.57942
0.286813
0.738692
-3.70443
-5.98983
-3.69436
-0.993818
-0.744336
-4.11676
-4.42279
-4.22557
-3.28061
0.93812
1.04292
-2.09461
-0.580225
1.64532
2.76175
1.65029
0.244967
-2.2735
-2.54333
0.753787
-1.87878
-2.3354
4.29018
2.96268
1.74728
-3.35627
-0.811886
3.57011
-0.756142
-2.15475
-1.05653
-0.362772
0.382468
-3.20871
2.40414
2.54716
1.93054
5.58108
-0.289525
-2.66284
2.49182
5.74997
-0.239668
-3.77052
2.37464
5.91214
-0.51484
-4.14475
-3.96528
-4.1172
-4.41694
-4.7466
-1.53354
1.43391
-1.37117
1.04221
-3.36182
0.835453
0.886924
-1.76228
1.60598
-4.29088
-5.43773
-2.02502
0.820408
-3.77642
0.778613
1.87669
-2.57271
-2.64476
3.33817
3.55408
3.12541
3.12745
1.20627
-2.9344
-2.88385
-0.406773
-3.83677
-3.89122
-6.13542
-2.51699
0.453442
-4.92026
1.45474
2.86336
-2.21705
-3.20481
-3.67331
-4.89537
1.45479
4.79787
4.23027
-1.91873
-4.85643
-4.99095
-1.61611
4.85139
5.99383
2.29359
-2.09014
0.116487
1.99525
4.0264
-0.0663056
-3.49075
-0.682316
5.64809
5.93212
5.05813
1.486
-0.256451
1.6381
2.09524
-2.50267
-0.872939
0.260136
5.77378
3.44717
2.51481
-1.64892
-2.61431
0.340729
-1.94086
-1.68414
-3.68238
2.12867
3.1486
-0.291644
2.2243
-2.59022
-5.09267
1.39221
2.67351
-1.67791
-5.29952
-5.96428
-5.10879
1.21794
3.11389
0.691004
0.0726824
-5.688
-6.10644
-5.19969
1.44765
3.03049
-1.61534
-2.6899
3.29953
3.01449
-3.15987
-5.80616
-4.30303
-0.166677
3.63374
4.44195
3.16109
3.45443
3.89748
1.18752
2.54779
2.82638
-2.02462
-4.40472
2.72964
4.45736
1.93425
4.80653
5.17833
5.41895
4.65702
-0.496615
-0.599475
-0.00430584
2.36999
-3.33619
-2.16239
-2.51009
-0.903615
3.3748
1.80999
3.70445
-0.387859
-0.427648
-3.31888
-3.12017
0.688932
3.57445
2.81214
-0.0516202
-3.43498
-4.88777
-4.03305
-0.229931
1.06485
3.48954
1.43187
-3.92422
-1.89287
-3.49417
-3.68991
-0.822412
2.20263
-3.37691
-5.08714
-0.746174
0.617685
-1.07691
-5.12518
-4.50758
-2.18406
-1.8856
2.2705
-0.108616
2.17065
-3.3772
-4.54281
-3.65381
0.969377
-2.9913
-4.6416
0.86062
0.804838
1.26452
-4.23804
-4.76626
-3.14652
-3.25768
-3.225
0.970026
3.76631
3.6601
-0.673871
3.07778
5.85873
4.60688
2.22284
2.22713
-3.19123
-0.73329
4.39998
-1.26421
-2.19671
-0.00314647
0.111991
-2.47211
-2.59522
4.11052
3.4102
-1.72541
-2.21392
-3.47444
-2.38698
0.347009
-2.00836
3.21597
2.62549
-2.94676
1.88483
-2.38866
-4.22882
0.281779
3.70366
1.62429
-4.91422
-4.60287
-0.525404
1.93234
-1.97937
-1.21251
2.38524
-1.53903
-3.30083
-1.13235
2.0834
-2.3562
-2.0119
-2.25424
2.15347
-3.59933
-4.8289
-4.72424
-4.15715
-4.15183
-4.03674
1.1995
-1.77756
1.38627
-2.49817
-5.14961
-1.92358
0.737825
-2.06338
4.21904
3.86962
-0.389968
-1.33606
2.86758
1.09061
3.85532
5.55974
2.51794
-3.69392
-2.25166
-2.90346
-1.98545
0.390238
-0.191807
-1.34768
3.19226
-1.67154
-0.567954
4.48194
0.605505
0.295667
4.54776
2.60293
5.3766
5.86828
4.19396
2.97229
-1.01066
-0.82122
-2.4824
-2.06883
-0.887677
-2.79287
-3.58782
-3.86231
0.27224
3.53804
3.26108
-3.94465
-4.94678
-0.469799
3.21639
3.96804
3.59762
2.63387
-1.73826
-5.7218
-2.96248
-0.324574
-5.06924
-0.621172
1.24866
-0.478384
1.41765
1.47641
-1.34758
-2.29561
-4.83876
-4.58348
-0.124959
-1.13635
-3.69129
-4.659
-4.11384
-1.30809
-4.57887
-3.94166
3.20477
3.98592
-1.43124
-0.706708
-3.89484
-4.38424
-4.20134
-2.42583
-1.17041
-0.505812
-0.100329
4.00934
3.8766
1.13276
-2.98577
0.036807
5.05162
1.08007
0.139708
-1.11993
1.70594
4.09794
2.78121
3.32544
1.4203
1.37807
1.62993
4.05013
5.62639
1.49674
-0.570976
3.1846
3.83381
3.43012
-1.28344
-0.771276
3.03845
-2.30866
2.46787
4.63303
2.48334
3.23771
0.833798
-5.79283
-4.2118
-3.49436
0.82077
-0.411203
-1.65841
-3.17389
-2.80799
-4.09085
-0.257472
1.22231
-0.73209
2.60937
3.84731
3.6053
3.91261
1.88924
2.90821
0.288182
-1.45381
2.74367
1.71196
-1.8024
-1.97465
-0.542674
3.73835
1.66443
2.27947
3.98006
3.5568
2.95203
-2.23279
-3.05727
2.52807
-0.609771
-0.684607
-3.16726
-3.42717
1.17728
4.43158
3.42748
3.48114
4.11916
-0.341994
-2.68657
0.944436
4.80012
6.17903
4.99466
-0.854718
1.28886
5.71164
2.54979
-3.75019
-1.4358
0.818534
-1.78682
0.22303
0.741053
3.99573
3.03037
0.599012
-1.05826
-2.27226
-2.35828
2.98556
1.5255
-5.19417
-4.12132
-2.57106
-4.60069
-0.856532
-2.31477
-4.87196
0.703551
-2.47502
-3.74026
-4.94285
1.76154
-0.270525
-3.27307
-3.17937
1.64716
2.89643
1.26223
2.56069
0.890508
3.9155
2.88336
-2.69666
0.591454
-1.97261
-2.88724
-5.46465
-0.90935
0.41107
-2.56006
-2.53904
-0.640507
-1.63938
0.400492
4.99296
1.09951
2.45138
5.63695
2.92996
3.06161
4.08635
5.33252
1.8773
-1.78731
0.447611
3.53001
-0.788499
0.551174
1.00786
0.929373
-0.787373
-1.31
3.51431
1.13097
0.622007
5.73994
5.0978
5.56579
0.868837
-1.89411
3.19151
0.684949
-2.06242
2.52675
4.58346
4.78073
-0.300784
-5.2965
-4.13977
-3.18531
-2.183
-0.121533
1.7085
3.51985
-3.08828
-6.07745
-0.882048
3.43185
-3.516
-6.17368
-2.23636
0.125169
-3.89717
-5.5894
-2.33745
-3.76256
-2.55644
-3.70167
-2.84422
-2.69241
0.597158
-1.91582
1.06133
-1.81279
-3.66388
-0.22311
-0.378224
-0.406348
1.83658
2.81404
-0.220234
0.420545
0.482476
-4.15049
2.53426
4.20805
0.193878
-1.07664
-1.73406
-0.721529
-2.13075
0.478118
5.30145
-0.680938
2.34841
-0.85155
-0.874831
4.06918
0.663342
0.646333
2.29554
-0.595603
2.90934
3.98143
0.29112
-4.51451
-0.475321
1.67495
-2.64602
-1.0956
1.62981
-2.94221
-1.51555
-1.68725
2.07331
1.46292
1.62665
-1.86768
-4.26348
-4.89203
1.26069
3.14795
0.697925
1.27562
-2.82413
-2.42785
-3.38335
-5.31169
-4.66022
-5.24689
0.879469
-2.60769
-5.28818
0.858885
-3.7202
-1.29357
4.0913
3.80167
-1.36494
-5.21611
-2.17377
-3.12887
-1.63773
1.09695
-2.47008
-3.64193
-4.76761
-4.73322
-1.07768
2.25238
-1.86671
-3.01459
-0.604828
-2.2802
-0.886834
2.49038
-1.94911
-3.8464
2.24521
-1.09436
-0.346302
-0.825979
-3.99749
1.55701
5.54149
-0.400105
3.1273
2.56399
-0.345215
4.46493
1.28698
-3.28387
2.76057
2.48626
3.25533
3.89138
-1.31151
-3.59058
2.39223
3.64761
3.04552
-1.10691
-3.89714
-0.277
3.88311
1.12118
1.479
0.472436
1.31471
3.85625
3.64517
-2.03683
-0.0704233
-1.86045
-0.762537
3.83046
-2.06476
-0.858232
4.12605
2.06473
1.28184
2.40204
-0.564038
-0.160665
3.28138
-1.55112
-5.59393
-4.97101
-4.16562
0.525395
-0.214653
-4.54263
-4.99825
-4.20555
0.945494
-0.438332
-4.73114
0.624946
3.28113
3.19756
3.93242
3.65403
0.17089
-3.63603
-4.31803
-4.02212
0.377413
0.192853
-4.36746
1.31531
1.25255
-4.00477
0.301035
4.91693
-0.0776857
-3.27251
-2.52668
-2.82812
0.956515
3.84339
4.65189
0.481908
0.785137
1.00141
1.11617
4.92543
-0.0117481
-3.98649
0.644232
4.46119
3.85966
4.08453
0.517554
0.626514
4.93226
0.536381
1.01823
0.553448
-0.338293
4.39146
-0.828704
-4.78259
-4.91186
-4.21533
0.0942249
4.16216
-0.715485
-0.922379
4.07171
-0.651954
-0.787138
3.98964
-0.656516
-5.67462
-0.844567
-0.0633762
-4.16052
-3.98678
-0.403069
3.29884
2.43024
-2.11722
-0.198529
0.680689
-4.28561
-4.8037
-4.24923
-4.77658
-1.71417
3.30834
4.15592
4.15315
0.957967
-2.64111
-3.30974
-0.306967
1.57998
-2.83491
1.96548
4.60558
-1.01116
-3.23957
1.86099
4.96153
4.74552
4.72082
5.03914
1.7912
2.18112
0.320162
0.816661
0.969365
0.219267
6.00996
0.280935
0.812445
4.96402
5.00325
1.25777
1.51689
0.152634
-0.737979
5.06968
0.687974
-4.22438
-3.37309
-3.78583
-3.80038
-4.68397
-0.454468
0.84349
-5.39628
0.181644
-0.136618
-5.3838
0.0380619
0.816223
0.359626
2.57735
0.899737
2.47975
0.167729
-5.50645
-5.61628
-0.666426
2.14347
-2.25214
-5.4335
-4.02289
0.415092
4.12773
1.22249
-3.49875
-5.33254
-2.04547
-1.74576
-2.5364
2.48002
4.61193
0.329703
-1.28792
1.83354
-3.14997
-4.57595
-4.39361
0.789356
3.14629
2.756
4.6623
3.31437
-1.21995
-4.28916
-3.64375
-0.794498
5.36585
2.68673
-2.46716
-0.838332
-0.204188
-4.07366
-0.719178
2.77444
3.75874
2.30545
1.55636
1.70288
1.64206
2.93878
2.76395
1.09883
-1.04828
4.40858
4.27941
3.46149
-1.29997
0.202046
4.97902
3.51827
3.78466
4.18337
2.53396
2.52628
0.569935
-5.24963
-4.29944
-5.41247
-3.93535
1.20247
0.379223
-1.62299
0.572977
-5.35369
-1.51661
4.72965
-0.784704
-0.99302
3.67325
3.52347
0.348621
0.209673
2.62139
-2.36842
-0.0598063
1.01414
-4.83308
-4.78006
-4.87137
-4.10717
-4.41741
-5.04373
0.0992148
4.09173
0.952089
-4.68463
-3.29102
1.9369
1.81425
1.84238
2.07326
-4.58825
-0.178901
1.58622
-0.836741
5.07883
4.85518
5.59118
0.246383
0.4147
5.94882
0.448296
-2.67851
2.22028
3.297
2.22528
-0.57339
-4.20238
-3.65767
-4.07232
0.658422
1.86363
1.01675
0.231516
-3.29701
-3.12979
-1.70363
4.56626
-0.272769
-4.99801
-3.38808
0.87703
1.0332
-2.7364
-3.36615
-5.86235
-1.96063
0.547219
0.27922
2.95227
3.44936
3.88415
2.9313
3.72455
0.156512
-5.31355
-4.66889
-1.37494
3.85415
4.21037
0.227374
-1.6267
-0.340387
-5.05573
-0.539032
4.45204
3.92594
1.53251
-2.57848
-1.97652
-3.05273
-1.48401
3.43535
-0.982834
0.552474
4.63056
3.05997
-0.0180697
-4.29716
0.0164394
5.72287
0.596231
-1.0397
3.44933
3.32241
3.15133
4.08159
1.5511
1.33374
0.0365447
-0.0547132
3.60617
3.07075
5.44024
0.371169
-0.167414
4.60038
4.39152
0.980747
0.568025
3.51229
3.22618
1.49926
-4.04001
-4.11083
-4.03617
-4.13053
-3.46552
-4.22908
-4.74658
-4.35104
-5.25904
-1.06694
4.42378
-0.425791
-1.61242
0.199842
-0.378819
-0.0864905
-0.00582707
-0.808225
-5.6993
-0.824893
0.109912
-5.74054
-0.517589
0.0874134
-0.18068
-0.0702448
-1.27467
3.75961
0.34856
-4.64267
-4.62534
-0.996395
3.43907
-0.601579
0.0536911
1.22701
-3.33016
1.10398
0.821363
-4.13667
-3.53419
0.834747
0.470736
-4.43581
0.536057
5.17912
0.229706
-3.65258
-2.9716
-2.83556
-3.31932
-2.9296
-3.53761
0.407154
0.410607
0.28659
1.20099
-3.94607
1.22876
0.342644
-0.17513
1.32218
-3.40882
-3.57862
0.480729
0.617597
-4.52119
0.407603
4.54733
-0.873066
-1.407
3.14871
2.99743
2.17921
2.8324
3.81435
-1.64865
-0.695541
-0.32958
-5.71911
-4.37306
-4.69729
-0.769217
-0.0557818
-0.858679
3.41796
3.83098
-0.86779
-5.00145
-4.35452
0.531674
3.28863
2.6304
-0.83284
-3.79126
-2.51431
-3.43955
-0.601126
3.1339
3.64269
0.486055
-4.4431
-4.00051
0.562743
4.66011
0.487258
-3.93542
-0.231647
4.08379
3.51976
-0.100026
-3.43848
-3.54219
1.08405
0.971977
0.5485
0.257628
-0.713566
3.90029
5.04823
0.530012
-3.49443
-3.18585
-3.46355
0.914772
1.08168
1.13717
4.74009
3.72751
4.33755
-0.0958476
-4.04756
0.858622
4.36763
4.22926
0.0252917
-3.64214
-3.97804
0.716602
3.94358
-1.45441
-0.164326
0.337331
-4.19306
-3.76552
0.558535
4.25422
3.56466
-1.46169
-1.81521
2.89181
-1.97024
-4.5749
-4.45125
-5.31185
-1.35638
2.01352
2.5431
3.53553
2.92712
-1.49456
-0.602185
3.94493
-1.21105
-4.40666
0.597935
3.03352
-1.71837
-1.41653
2.73522
2.75455
3.17411
-1.46708
0.194934
0.0324019
-0.274347
1.02991
-3.95802
-4.50892
-4.03282
0.52331
4.35658
4.28447
0.103357
0.289148
1.29363
-3.54981
-3.96855
0.584862
4.73212
1.08215
-3.13118
-2.66071
-2.38159
0.885028
4.27653
4.31926
5.10605
0.667844
0.71628
0.420216
-4.38832
0.0956256
4.67383
-0.0673139
-3.51767
1.06389
4.14287
3.89493
0.332318
-3.82292
0.285928
-0.57416
-0.821836
-0.666093
-0.278083
-0.734635
-5.20043
-5.10821
-0.0583417
-0.549299
-4.92704
0.36168
-0.456822
-0.669733
0.0227857
-4.15127
-4.32934
-5.01931
-5.13771
-5.00465
-0.0146437
4.54874
-0.764901
-0.583465
3.85917
3.38861
-0.981074
-0.231545
0.255121
-4.91999
-0.397967
-0.0416918
-4.58694
-3.84844
-3.38243
-4.14306
-4.08637
0.961985
5.03848
0.080524
-4.51032
-3.8246
-3.32094
0.765416
0.252172
0.684251
5.09472
0.180002
0.447321
0.641649
-4.07778
0.352014
4.14691
4.7367
0.337852
-3.56521
0.44299
4.6881
0.974489
-3.2736
0.583385
0.572953
-3.56972
-3.67657
0.745245
-0.370875
-0.173517
-0.446019
-0.49713
0.245595
-4.7866
-4.88893
-4.88454
-4.99069
-4.92994
0.348515
-0.527968
-0.744258
-0.163782
-4.42222
-4.30994
-0.258732
-0.236888
-1.24595
3.67788
3.33947
-1.76621
-0.766334
3.16356
2.89862
3.2559
3.57292
0.128106
-4.25904
-4.33146
-4.39359
-4.16007
-3.36165
-4.22356
-0.115668
0.0348318
-4.9866
0.534652
4.45391
-0.712863
0.379184
0.763192
0.35082
4.25224
3.81467
5.01766
0.519421
0.236498
0.831252
-3.8593
0.299261
0.0720066
-4.0915
-3.59134
0.331648
4.49836
4.92205
0.0403347
-3.98482
0.173423
4.31491
4.0827
3.35701
3.69682
0.340492
-3.7889
-4.75142
0.0672829
-0.189753
-1.21366
3.8965
-0.344746
-0.218951
4.46443
-0.230101
-4.04589
-4.04037
-4.80261
-0.848019
2.97562
-1.72067
-5.20451
-4.83585
-0.837341
-0.904827
-4.83752
-0.0816083
4.04621
-1.08784
-0.723468
-0.172208
-4.19536
-3.61047
-3.75598
-4.41245
-0.559097
-1.17832
-0.87567
3.84659
-0.283934
-4.64761
-5.11234
-0.495076
0.407497
-3.11432
-3.80056
-0.764753
3.93195
0.285893
0.378962
3.70733
3.0809
3.22257
3.6418
3.81506
4.3834
-0.178072
0.041343
4.79522
4.74444
4.26051
-0.462159
0.235353
0.280515
0.206638
4.15443
4.11102
4.98067
4.92179
0.849116
-3.58072
-3.91144
0.785554
1.11693
-3.19838
-3.53422
0.16461
-0.16061
-4.12232
1.02654
3.57227
3.23915
3.5947
3.00848
3.24054
3.76227
4.10713
4.20147
-0.875665
-1.10792
4.06371
-0.812952
-1.37739
-1.43433
-0.9848
-0.226057
-0.0711938
3.77337
3.61569
4.06237
-0.298299
-4.79344
0.452178
-0.423885
-0.947889
0.137291
-4.02344
-4.3918
-0.235447
4.87689
-0.0417724
0.045723
4.6024
-0.278282
-0.0602429
4.1961
3.99453
4.26464
-0.315833
-0.644485
4.34966
5.33181
0.648428
-3.8933
-3.14955
-3.22411
-0.669144
3.51008
3.7929
4.50244
3.68135
3.49137
-0.148942
-3.89241
0.368722
5.02665
0.668616
-3.49332
0.56475
0.0606471
-0.251415
3.94256
-0.533734
0.154644
-0.0247501
-0.610478
-0.505694
-0.216012
5.08366
-0.0157528
-5.21061
-0.472508
3.96882
-0.498814
-0.0712062
-0.275632
-0.957662
3.41128
-1.24867
-0.695998
-0.314735
-1.08208
-0.193724
-4.98039
-0.377568
-0.363594
-4.65652
-0.541106
3.46803
-1.45417
-0.396813
0.566399
-3.81125
-0.136306
3.86466
4.21826
0.0334287
-0.222009
0.765985
-4.12316
-0.114264
4.97834
0.298472
-0.00221395
4.33264
3.66803
3.85421
-0.38019
-3.69797
1.6498
0.679594
-0.172624
4.41071
3.7083
4.26238
0.0862825
-4.04632
1.43367
0.616745
-3.6587
1.06303
4.27917
4.43622
0.889041
-3.54739
0.913679
0.135924
-3.69839
-3.04865
0.7169
-0.463889
-4.12246
-3.89362
-0.0115185
0.0874405
-3.55775
-3.64793
-3.31669
-3.31037
-3.60979
-3.83895
-4.54983
-4.40097
-4.629
-4.61493
-4.76556
0.269881
-0.172764
-0.694724
-0.562708
-0.81795
-0.57113
-0.489222
-0.379892
-0.896194
4.05696
4.11353
-0.24245
0.142323
0.325677
0.0985014
-0.286904
-0.0264254
0.341462
-4.24828
-4.04635
-4.34135
-4.49928
0.450386
0.090647
0.247701
0.113108
-0.838015
4.31564
4.99721
0.331105
0.46401
4.62997
4.42857
0.837123
0.816222
1.39616
-3.68501
-2.87619
-2.84842
-3.93273
-3.39331
-3.48154
-3.80892
-3.85611
0.580105
4.53944
4.85469
0.459749
0.083683
0.324829
0.549184
0.0738226
-0.505718
4.33923
-0.584795
-4.97944
-4.7641
-4.58344
-0.399839
-0.877417
-0.322356
-0.716329
-4.92176
0.362607
0.0649186
-4.84693
-0.675024
3.4601
3.77887
0.0280197
-0.497545
3.62425
-0.875536
-4.19452
-4.25068
-0.350036
0.49402
-3.22216
-3.84089
-3.82234
-3.81284
0.101234
-0.00725007
-4.81169
-4.52409
-3.70076
-3.37045
-3.79905
1.00188
0.618193
-4.05696
-3.87265
-2.92467
-3.06842
0.872817
0.342362
0.0363035
5.0929
4.22361
4.13556
4.87817
0.495297
0.757743
5.22403
4.97558
0.69589
-4.05152
-3.69302
1.13179
0.357365
-3.69156
-3.73019
-3.16807
-3.2339
-4.31891
0.652985
4.75629
4.12905
4.46544
3.59907
3.58178
-0.676234
0.612718
0.409967
-4.75428
-0.462165
4.32731
-0.0804424
-0.828948
-0.165833
-4.49511
-4.25043
-0.132658
4.48278
-0.03809
0.115333
0.960558
-4.06117
-0.309747
3.82967
4.31698
3.92506
-0.777623
-0.523611
4.48638
-0.270984
-4.58868
1.10743
0.438563
-4.37827
-0.141198
3.34683
3.58885
4.02414
-0.528112
0.00978768
-0.0629358
-4.4618
-3.9382
1.05405
0.519105
-4.54273
0.826116
4.60759
4.44307
0.902088
-3.70501
-3.10544
-3.57572
-3.44003
-3.59118
0.884708
0.631899
-4.25732
-3.54107
-0.0249844
4.63689
0.702317
0.419903
1.04513
-3.50259
-3.0735
-3.62098
-4.47512
-4.0343
1.06139
0.624486
-4.3696
0.147536
3.5768
3.99244
0.585325
-0.271015
0.540901
-4.13382
-3.76615
-4.07036
-0.0396726
0.728509
-4.30878
-4.66344
-4.48971
0.246223
3.80337
4.1199
-0.061373
-4.06811
-3.44603
-4.14563
-4.02022
0.115295
4.48585
0.11919
-4.46244
-3.65872
-0.0630627
3.56444
-0.122033
0.218032
3.99408
-0.559584
0.154145
-0.231386
-3.93028
-3.71362
0.744799
-0.0157592
-4.19397
-3.88411
-0.427879
4.76263
1.00713
-4.11015
-3.59999
-2.3186
-2.42118
-2.52586
-3.30034
-4.17509
0.883421
0.446717
0.0683634
5.4549
0.521545
0.618115
0.510128
0.261495
1.13404
-3.68311
-3.93594
0.465896
5.32382
0.770303
-4.05215
0.160975
0.26394
-0.224954
3.66156
3.14124
4.215
-0.281916
-0.426941
-0.175068
-0.372269
4.34496
-0.713589
-4.64193
-4.7361
-0.656932
3.57315
3.59359
-1.00191
-1.14208
3.73341
-1.67155
-1.40671
3.75666
3.68047
-0.45954
-4.68754
-3.88208
-3.67369
-4.49701
-0.594614
3.76723
3.98297
3.63539
3.65638
-0.390088
-4.4433
0.274315
0.395365
-4.28752
0.508462
4.36363
-0.319684
-0.15677
4.94546
0.364249
0.256241
4.86592
4.77397
-0.381886
0.289007
1.53475
-3.63437
-3.80105
0.924153
5.21064
4.01052
3.93111
4.40081
4.54066
0.356088
-4.16516
-3.86911
-4.07113
-0.244791
4.25206
-0.55202
-0.0337794
0.788377
-4.08686
0.08619
4.05089
-0.11008
-4.80172
0.016747
0.0485164
-3.97762
-0.152795
3.86191
-0.791922
-0.75667
-0.822852
-1.25888
-0.927404
-4.87784
-5.44389
-0.702608
-0.481505
-1.67508
3.60107
-0.837026
-0.220417
-0.22581
-4.56297
-3.81024
-4.26024
-4.85197
-0.805496
4.06763
-0.343832
-4.72771
-0.24737
3.47922
3.38986
-0.572658
-0.840515
3.9616
-0.686603
-0.12431
0.186562
-0.0110956
0.950256
-3.76927
-3.90994
-3.70901
-3.71043
0.340081
5.05105
0.025743
0.276749
1.70988
-2.80513
-2.43934
2.16165
1.30309
-3.41525
1.96442
1.76143
-3.74531
0.379748
4.44356
4.29201
3.92205
3.3364
3.75521
-0.304303
-4.35556
-4.61793
-0.155232
0.705959
-3.80823
0.717777
-0.137272
-0.201146
4.16279
-0.174648
-4.45978
-4.99144
-4.24925
-4.32155
-0.751651
3.71388
-0.405246
-5.07205
-0.495057
-0.121262
-4.70394
-0.0946233
-0.110065
-4.56519
-0.632313
-0.731001
-0.643401
0.0778887
-3.96384
-4.04514
-0.039854
4.19182
3.64461
-1.03894
-5.00093
0.359084
-0.082356
-3.87993
-3.41845
-4.04704
0.0841818
3.19904
3.65004
-0.138466
-0.440528
4.15465
3.83082
4.28047
-0.472803
-4.3461
0.833363
5.23602
4.31233
3.96504
3.77709
4.31014
0.412933
-4.3992
1.26291
0.784934
-0.590464
4.6246
0.432938
0.824909
0.180305
-4.23828
0.908367
0.411447
-4.46867
-0.345531
4.65811
-0.659375
-4.01313
0.647329
4.10734
0.380581
-3.2032
-2.90787
0.981824
0.0652711
0.549919
-0.333003
-0.44925
-0.464251
-0.0234759
0.429323
-4.99502
-4.63407
-5.00353
-0.669235
-0.486515
-0.503243
-0.4901
-0.873122
-0.623834
-5.1391
-4.82893
-0.39748
4.23856
3.67668
-0.93279
-0.342099
-0.398707
0.176724
3.80953
3.18969
4.63619
0.0887377
-3.59336
-2.87556
-4.08341
0.45513
1.12527
-3.55317
-4.16403
0.0369875
5.15441
1.25999
-4.11576
-0.109771
4.0791
3.92255
3.93522
4.22482
4.6569
-0.0980856
0.778502
0.586391
0.269464
1.65576
-3.88786
0.871775
1.23705
0.426178
4.65165
4.22388
-0.479084
0.201299
1.78592
-3.84447
-0.375226
4.85035
0.346199
-3.89275
-3.24234
-3.36142
-3.64269
0.0244458
4.87071
0.0789645
-0.143679
0.795138
-0.337701
4.02422
-0.725661
-0.543108
4.37829
-0.554878
-0.910708
3.94818
-0.335449
-0.971352
4.08485
0.400509
-3.60408
-3.88413
-0.765301
3.5107
3.51238
-1.07607
-4.51131
-4.23108
-0.00293899
-0.251138
-4.38511
-4.21724
-0.956575
3.64621
3.79145
-0.956509
-4.48052
-3.31077
-3.66594
-3.69687
-2.96401
-3.89441
0.281936
