0
0
0
0.145706
-0.247887
-0.845304
1.57326
6.32539
4.76893
1.47142
-3.47236
-2.30845
-0.124674
0.172501
-0.267141
-2.01855
-3.65931
-4.47934
-4.62869
-3.97132
-3.37145
-3.41482
-3.61665
-2.88726
-0.360608
2.59771
3.40509
2.41932
0.713279
-1.37316
-3.697
-5.42054
-6.24086
-5.44
-3.49513
-0.641559
1.79583
2.66142
1.42834
-1.20159
-3.77552
-4.17909
-2.11718
1.24784
3.93914
3.20341
-0.0141305
-2.65698
-2.78444
-0.690076
0.652004
-0.727649
-3.13831
-4.95979
-5.58734
-5.50564
-5.10015
-4.01509
-2.19536
0.380378
2.64019
3.11929
1.87453
1.32078
1.78279
2.6981
3.22374
3.78272
5.08864
4.41634
1.13272
-1.40547
-0.59557
2.82243
5.65925
4.87576
1.37502
-2.03831
-4.25852
-4.60772
-3.59785
-0.883473
2.70412
5.52031
6.25382
5.9186
5.81095
6.04724
5.79726
4.76476
3.67468
3.21007
3.12339
1.65088
-0.192116
0.22517
2.24834
4.07448
4.7213
5.1185
5.64191
3.65423
0.058325
-3.2126
-3.89026
-1.27694
2.29796
3.87423
1.7704
-0.739424
-0.92722
1.02193
2.36539
2.41792
2.04241
2.27138
3.16151
4.36646
4.94875
4.39376
3.19866
0.730955
-1.56125
-1.39927
0.598525
2.95175
3.97044
2.63898
-0.0131564
-3.33523
-5.64333
-5.94884
-5.22707
-2.76339
0.492294
2.06529
0.931625
-0.0840812
1.03789
3.39992
4.23856
3.12052
1.43713
0.732149
1.50377
1.32805
-0.923102
-3.00739
-2.87544
-0.494152
1.62437
2.60211
3.12296
2.88649
1.71132
-0.742174
-3.42933
-4.77402
-4.39148
-3.7767
-4.5715
-4.35371
-1.96575
1.15951
2.96253
2.9124
2.89883
3.27124
3.36297
2.94424
2.01928
0.139312
-2.17787
-4.49067
-5.45926
-3.45107
-0.384874
1.93345
3.01795
3.27252
3.66596
2.63186
0.0596314
-2.36823
-3.32556
-1.49631
1.3736
2.3519
0.184703
-3.17092
-4.79465
-2.96879
0.0255254
0.995619
-0.514213
-1.64675
0.109775
3.25
4.98587
5.0367
4.91307
3.29941
0.2346
-1.1935
0.414763
3.34282
4.88916
5.05083
5.1458
3.87715
0.972498
-2.24808
-3.62173
-1.86935
1.18289
4.24933
5.53858
5.00405
4.26527
3.92582
3.93309
3.92109
3.86148
3.89107
3.95234
4.17641
4.60309
5.31284
5.55364
3.34512
0.298393
-0.421301
1.55809
2.79022
0.856121
-2.54596
-4.02565
-2.11343
0.712
1.63449
0.0511762
-0.825693
0.987987
2.5162
1.2522
-0.66344
0.144678
2.81431
4.56083
4.93489
4.8489
2.92774
-0.271712
-3.42076
-4.97546
-3.33637
-0.578752
2.56625
4.16577
2.33742
-0.766075
-2.26548
-1.08457
0.24477
-0.981633
-3.71692
-5.26733
-5.11558
-4.49681
-4.57966
-5.15312
-3.8794
-1.15927
-0.161012
-1.93073
-3.47841
-1.73308
-0.0922905
-1.57103
-4.77385
-6.1291
-4.04869
-0.905359
1.70074
3.0703
3.09941
2.97636
1.37185
-1.18733
-3.60528
-4.61339
-4.75015
-4.63068
-3.02833
-0.339377
0.544744
-1.26775
-4.46564
-5.79802
-3.95532
-0.713168
0.910383
-0.146077
-2.86028
-4.78238
-5.21931
-5.21666
-3.81184
-1.26606
1.39841
2.93812
3.06046
2.89339
3.23863
3.81422
4.06869
3.46333
1.4924
-0.996723
-3.2676
-4.14258
-3.79686
-3.48103
-3.49062
-3.76373
-3.51976
-2.64159
-0.675764
1.65379
4.17643
5.42205
3.51178
0.298924
-0.793646
1.27852
4.13407
4.5218
2.47723
-0.0212474
-2.29533
-3.63873
-2.13353
1.17288
3.00673
1.96259
-0.976815
-2.29849
-0.607647
2.03193
3.2662
2.23049
-0.137228
-1.98315
-2.75142
-2.78936
-1.18549
1.18543
1.72019
0.2302
-0.441482
1.29078
4.36047
5.63582
5.16579
4.11723
1.92911
-0.528729
-2.29699
-3.35775
-3.57429
-3.9061
-3.96492
-3.68623
-2.96385
-2.3582
-2.15802
-2.23929
-0.871936
1.46129
3.23117
4.00237
4.12075
4.29314
3.96846
3.83318
2.83706
0.830415
-1.88591
-3.31842
-1.59482
0.855639
0.664753
-1.5683
-2.5605
-0.490248
2.74664
3.95048
2.70939
0.381387
-2.40353
-4.76846
-4.55722
-1.89254
1.44509
3.26125
1.74967
-0.903372
-1.86775
-0.569655
1.82543
2.98538
1.86724
-0.527061
-2.98314
-4.11972
-2.58719
-0.200781
-0.225501
-2.45298
-4.09526
-3.04131
-1.92075
-2.78084
-3.87724
-2.91946
-0.61083
1.52434
3.0507
3.63013
1.44325
-1.78628
-2.22902
-0.289311
0.790714
-1.41263
-4.86221
-5.80978
-3.38769
0.457883
2.12478
-0.1899
-2.67963
-1.88975
1.50978
3.87953
3.98418
3.82849
4.00622
3.84641
3.23597
3.17833
2.71216
1.53326
-0.642889
-3.00333
-2.82596
-0.371982
3.00302
4.7194
2.54493
-1.01898
-3.93902
-4.89905
-4.76349
-4.4583
-2.95755
-0.535909
0.641679
-0.510234
-3.01353
-4.45338
-3.04668
0.244966
2.24019
2.11159
1.69632
2.48599
2.44746
0.242602
-1.83025
-0.803809
1.92843
4.19838
5.30083
5.48248
4.80229
4.62987
5.2584
5.84879
3.93797
0.46912
-2.7953
-3.30632
-0.414868
2.79262
2.93152
0.710159
-0.125465
2.0857
5.1016
5.99631
5.74656
5.51645
4.20345
1.26885
-0.644829
0.210722
3.2768
5.65744
4.58414
1.25183
-1.12613
-1.2741
1.08709
3.60473
3.90241
2.32025
0.0705749
-1.14323
-1.40551
-2.33158
-3.59325
-4.48296
-4.57036
-4.57552
-4.92976
-5.29475
-4.25336
-1.2941
2.11936
3.70659
3.12833
2.81481
1.88625
-0.274684
-2.31693
-2.33377
-0.0767817
1.16061
-0.718764
-2.90948
-2.44097
0.523571
2.40036
-0.00307712
-3.98112
-6.27376
-5.38586
-3.15479
-0.898398
1.16084
2.4826
2.828
1.72632
0.338378
-0.136883
-0.1327
-1.15938
-3.39346
-5.73937
-6.00436
-3.42004
-0.400641
1.55751
2.1222
1.43197
0.461323
-0.0256894
0.730321
2.72458
3.89743
2.95146
1.02619
0.0426115
0.851701
3.14511
3.90184
1.42976
-2.18575
-3.84223
-2.68404
-1.87599
-2.1474
-1.54609
1.13182
3.99348
5.02394
5.27897
4.80968
2.324
-0.59612
-2.22288
-2.43222
-2.87668
-4.28235
-3.78413
-0.557855
3.29716
5.60396
4.57705
2.34779
1.83974
2.70662
3.39317
2.72853
1.74576
1.99274
2.77316
2.76906
1.15431
-0.804967
-1.47979
-0.503111
0.256638
-0.937755
-1.34577
0.75206
3.08636
3.26628
1.27789
0.122004
0.128809
-0.580834
-2.20463
-3.63374
-2.90557
0.0329136
3.59766
6.06875
5.41942
2.03482
-1.55799
-3.29202
-2.09975
-0.241134
0.610922
0.561142
0.378774
0.440853
0.056772
0.0203448
1.43337
2.81994
3.33146
3.46623
2.84031
0.723192
-1.33265
-0.889585
1.58831
2.47731
0.441636
-1.11639
0.113147
2.77206
3.65133
1.2216
-1.46626
-1.15533
1.9063
4.37092
3.49672
1.29289
0.595053
0.929601
1.47087
1.85805
1.45146
0.667906
-1.18285
-2.58828
-1.42224
0.480029
1.36725
0.432419
-1.87777
-3.91083
-5.417
-5.92689
-5.09561
-3.46491
-1.82909
-0.964092
-0.687405
-0.847751
-2.1657
-4.36249
-5.26474
-4.21028
-3.43954
-4.40884
-5.06953
-2.84048
-0.116856
0.926001
1.04445
0.9564
-0.363538
-2.27495
-2.24495
-0.220479
1.3578
1.62547
2.25497
2.75311
2.0837
1.60787
1.29343
-0.00620688
-1.54491
-2.294
-2.463
-2.46989
-1.14162
0.927041
0.709195
-2.40575
-4.3194
-1.60907
2.42802
4.24997
3.38246
2.94691
2.7738
1.431
-1.39841
-3.40775
-2.66223
-0.48775
2.24784
3.5065
2.09422
-1.13416
-2.96183
-1.88252
-0.945076
-1.13602
-1.38043
-0.118801
1.12426
0.0680829
-2.24232
-3.04115
-0.475157
2.69757
3.76021
2.19071
1.04703
2.28751
4.5916
5.41281
3.00064
-0.779482
-3.03531
-2.26132
0.0954975
2.84917
4.98556
5.53278
3.00395
-0.804718
-3.55409
-3.3643
-0.545204
2.84635
5.57737
5.52592
2.63201
-0.998267
-3.51048
-4.05174
-3.8899
-3.99993
-4.1063
-4.12303
-4.27842
-4.43769
-4.53239
-4.71317
-3.87134
-0.981214
1.64246
1.01155
-1.18822
-1.07597
0.889792
0.740911
-1.81047
-3.33175
-1.83835
1.17265
2.31898
0.420996
-1.91944
-1.39059
1.02422
1.33924
-1.62962
-4.54948
-5.26438
-5.36874
-4.57441
-1.57561
1.03424
0.450753
-2.28265
-3.70785
-1.93808
1.04946
2.19048
1.65979
-0.150213
-2.79528
-3.78176
-2.25619
0.833769
3.49409
3.9519
3.47809
3.25738
3.12306
3.14595
3.09154
2.41629
1.01304
-0.80069
-3.12064
-4.14692
-2.61138
-0.470894
-0.573373
-2.55907
-3.8642
-3.72595
-3.94416
-5.24182
-6.12599
-5.23001
-2.27502
0.481588
0.241019
-2.909
-4.88511
-2.45766
1.60736
3.7102
2.68565
0.231929
-2.29932
-3.26677
-3.16565
-3.06412
-3.73786
-5.11357
-4.76678
-1.81479
1.58274
4.06938
4.77416
4.94136
4.10653
1.3463
-2.08344
-4.39323
-4.80644
-4.71338
-4.98958
-4.26022
-1.35002
2.26817
4.9436
5.79923
5.95801
5.10002
2.09663
-0.996096
-2.03713
-0.935408
0.139007
0.582928
2.06296
3.67741
3.98177
2.39902
-0.10285
-2.05346
-3.50073
-3.22071
-0.554567
2.99853
5.68768
6.25391
5.91678
5.69341
5.0322
3.37373
1.46499
0.200216
-0.250958
0.0911746
1.67879
3.0905
2.02116
-0.814393
-2.50023
-1.48451
-0.872164
-0.862337
0.273162
3.17036
5.76423
5.33834
3.45991
2.77617
2.51639
1.12035
-1.66357
-3.59881
-2.57776
-0.377712
0.33734
-0.982167
-1.94259
-1.65812
-1.69933
-2.85288
-3.66737
-1.47534
2.18259
4.18106
3.04989
0.778388
-0.275768
1.1197
2.21492
0.709924
-2.62615
-5.48084
-5.01064
-1.91596
1.41667
3.26298
2.60481
0.668668
-1.71856
-3.79538
-5.3236
-5.89989
-5.95958
-6.04602
-5.05265
-2.20137
1.28168
3.61716
3.00735
1.16343
0.705721
1.01926
-0.0189214
-2.89548
-5.73114
-6.42345
-6.09663
-6.09584
-5.16743
-2.1088
1.47822
3.55605
2.95471
0.992214
-1.65775
-3.41269
-2.58777
0.284441
3.33701
4.28289
2.99178
0.0331295
-3.1643
-5.27781
-5.78739
-5.26301
-4.27665
-2.60392
-0.140541
2.04215
3.65376
4.26756
4.4358
4.05225
3.14863
2.81597
3.46522
4.58452
3.8597
1.83298
1.18989
1.61182
2.56625
3.30105
2.82669
1.12091
-2.06468
-4.82563
-4.31206
-0.946324
2.76479
5.12732
4.35513
2.45413
1.9549
3.04534
4.85034
5.46769
5.16088
5.06488
5.43401
5.76349
4.59082
1.56519
-0.511646
-0.767775
-0.588756
-0.755511
0.0852167
2.03818
2.29273
-0.385168
-3.37447
-3.55352
-2.13512
-1.71508
-2.52468
-2.93639
-0.846048
2.16259
3.36152
2.45042
1.80389
3.16094
3.70578
1.78503
-0.346227
-0.88907
-0.428474
-1.28493
-3.30637
-3.89784
-3.12212
-1.75746
0.64789
2.60075
3.5745
3.695
2.8255
1.76855
-0.0409381
-2.09825
-3.4325
-4.36559
-4.88756
-4.92592
-4.03474
-2.20317
-0.239954
0.761093
1.0649
1.90193
3.48976
3.9448
1.43109
-2.30908
-3.92383
-2.79099
-1.90206
-2.3695
-3.48303
-4.09924
-3.69068
-2.87963
-0.863812
1.7618
2.20521
0.0245376
-3.36375
-5.70355
-5.04067
-2.74935
-0.744442
0.358705
0.613136
0.175608
-1.08709
-3.13827
-5.14301
-5.80746
-4.48474
-2.63358
-2.18516
-2.70799
-1.85623
0.742064
2.27051
0.915442
-0.111006
1.10991
2.1691
0.167776
-3.34673
-5.08929
-4.53054
-4.36939
-3.65283
-1.2264
0.949839
0.361918
-3.03614
-5.64855
-4.54071
-1.16174
0.866223
1.0092
0.808196
1.54329
1.18516
-1.32182
-4.30083
-5.16033
-4.74627
-4.0682
-3.13207
-2.87174
-3.27004
-3.82966
-3.18912
-1.48048
1.00079
2.86715
3.77579
4.48514
3.64539
1.29568
-0.682811
0.0141202
3.16043
5.54504
5.8248
5.63205
4.56238
2.71223
2.23581
2.68771
2.16988
-0.25317
-3.22019
-3.46559
-0.692651
2.77856
4.39119
2.21676
-1.24105
-3.09502
-2.16706
-0.834164
-0.0025816
0.324589
0.108586
-0.918302
-2.48237
-3.64521
-2.56211
0.636241
4.11979
5.76865
3.4428
0.231461
-1.71393
-2.16768
-2.21029
-2.91606
-3.4739
-3.53803
-2.40296
-0.368944
0.351847
-1.00389
-2.00759
-0.232669
3.19043
4.8556
2.57222
-1.19237
-2.93591
-0.664036
1.87229
1.12406
-2.37025
-4.95037
-4.19117
-1.92002
0.277092
2.24707
3.71069
4.00302
1.63779
-1.93051
-4.90168
-5.71407
-4.62495
-2.83783
-0.597327
1.56403
1.93317
0.511151
-1.87052
-2.96021
-1.30251
1.32109
2.37889
0.948575
-1.45355
-2.93751
-3.28466
-2.89429
-1.22297
1.28007
2.10609
-0.249387
-2.31401
-2.48704
-2.00091
-2.53526
-2.2929
0.162161
2.12112
0.24895
-3.40697
-5.36398
-4.85969
-4.2954
-4.68999
-4.98154
-4.19934
-3.60246
-4.08136
-5.14584
-4.12137
-0.78077
1.18088
-0.0702163
-1.76915
-0.658042
1.33748
0.682438
-2.45841
-4.71208
-5.14565
-4.5464
-1.93037
0.841505
0.727979
-1.55914
-2.07225
0.702828
4.13158
4.86034
3.89727
2.39917
-0.20694
-2.21559
-1.40144
1.05121
2.8395
2.13046
1.10333
2.14593
3.74949
4.89989
5.50169
5.06806
2.72452
-0.751727
-3.56836
-3.62033
-2.33968
-2.0502
-2.80433
-3.25081
-2.11112
-0.514571
0.340684
0.365348
-0.0820768
-1.35491
-1.44226
0.8941
3.02573
2.30031
-1.23825
-3.21937
-0.852687
2.41525
4.3658
3.68543
0.979233
-0.849079
0.08422
2.80522
4.53534
3.49151
2.62551
3.54608
5.20254
5.99073
5.90182
5.21209
4.22653
4.0024
3.16443
1.05496
-0.824922
-1.27783
-0.865479
-1.1484
-2.30482
-3.12696
-2.23785
-1.12153
-0.885449
-1.53931
-2.7131
-3.14325
-3.43604
-4.42547
-3.98152
-2.11476
0.0190346
1.87973
3.31784
4.36309
3.47906
0.173387
-3.48655
-5.71162
-5.10917
-3.06412
-0.812111
1.42418
3.02551
3.89837
4.00633
3.62114
3.54992
3.59721
2.78854
0.923528
-1.39836
-3.68659
-5.43734
-5.92743
-3.4762
-0.382471
-0.127505
-2.81078
-4.93885
-3.85174
-1.11143
1.251
1.37129
0.135665
-0.433514
-0.0151703
1.22771
2.06969
1.56433
0.449078
-1.15461
-2.0999
-2.25949
-3.13091
-4.60187
-5.5542
-4.76332
-2.6211
-0.435409
0.465908
-0.898296
-2.70209
-3.64002
-3.93942
-4.47676
-5.26982
-4.36946
-2.23756
-1.34573
-2.30277
-4.27945
-5.38663
-4.19269
-1.06629
2.63629
5.09611
4.25913
0.967612
-1.26753
-1.43013
-0.75391
-1.56937
-3.66663
-4.63557
-4.42479
-4.18404
-4.2179
-3.5795
-2.47669
-2.15111
-1.32116
-0.402957
-0.400659
-0.918877
-0.276739
1.73031
3.78088
4.38507
3.89447
3.24077
1.4709
-0.948491
-2.70119
-2.99711
-0.504759
3.12449
4.98849
3.65904
1.37098
0.366815
0.216735
-0.479696
-1.03795
-0.562996
1.33083
3.65414
4.15793
3.24915
2.79045
3.04421
3.32748
2.69169
1.52502
1.37934
1.41475
1.27325
1.52777
2.59307
3.83894
4.91348
5.51868
4.82273
2.11485
-0.747774
-0.743984
1.22611
3.03543
3.36759
3.66791
4.22849
3.59064
1.84447
-0.734952
-2.29348
-1.22648
1.77634
3.2008
0.571783
-2.01742
-1.3027
1.82177
4.25416
4.64606
3.90015
2.69668
2.21785
2.92367
3.57646
1.40392
-2.37788
-5.46222
-5.62688
-4.32845
-4.04781
-3.68817
-1.80875
0.443916
1.2355
-0.173677
-1.34163
-1.54261
-2.53088
-3.16537
-2.90175
-2.78218
-3.33234
-4.02026
-3.18065
-0.662857
1.09265
1.29985
0.20275
-0.724951
0.418006
2.29188
3.6581
3.87764
3.58891
3.59791
3.72366
3.9209
3.27977
2.07856
1.76593
2.56981
3.28361
0.917116
-1.81334
-1.68455
0.543037
2.47003
2.93569
2.02407
0.0716538
-1.58343
-2.09044
-1.90536
-1.95281
-1.00741
1.78699
3.71957
2.68239
1.78301
1.7573
2.18692
2.81601
3.69353
4.38408
3.69114
3.265
3.03684
1.60096
-1.35452
-4.14435
-3.56743
-0.163523
2.29453
1.69301
-0.257645
-1.05591
-0.719457
-1.3059
-2.87527
-3.57532
-3.42609
-2.37256
0.46739
3.17742
4.29188
4.27627
3.5927
3.1897
3.41121
3.80554
4.13262
2.87375
0.251186
-1.83184
-2.63468
-1.71401
0.431636
2.77698
4.49187
5.55876
6.02567
6.272
5.41001
2.56764
-0.297787
-1.10786
0.806863
3.51262
5.36519
5.59941
3.18571
-0.539052
-3.38479
-3.60039
-1.85805
0.104548
0.883757
-0.327507
-1.63595
-1.36226
-0.0146863
0.752327
0.699296
1.72139
3.59199
4.60833
3.38343
1.54786
0.62776
0.367433
-0.810739
-1.83494
-2.19888
-2.46014
-2.39761
-0.905504
2.28208
4.22653
2.08712
-1.8354
-4.80436
-5.60175
-4.46027
-2.86003
-2.483
-3.52707
-4.53539
-3.56402
-1.3167
-0.340754
-1.78685
-4.39155
-5.10841
-2.36682
0.394245
0.0590695
-2.08944
-3.41821
-3.61473
-4.47165
-5.03858
-2.74555
1.01401
2.60369
0.260303
-2.30912
-3.17468
-3.36577
-3.20216
-1.93319
1.0004
3.6028
3.16795
1.39573
1.1687
2.08253
2.63655
1.61355
0.920066
1.78232
3.58154
4.50739
3.34313
0.0675914
-2.47191
-1.84533
0.256669
0.323129
-1.59426
-2.87566
-2.8895
-3.52613
-5.13931
-4.88018
-1.67623
1.00541
0.670401
-1.23587
-2.45319
-2.53768
-2.47742
-2.31419
-1.06533
-0.043992
-1.24785
-1.92947
-0.258012
3.00315
4.90417
3.72712
1.57781
0.768616
2.01726
4.05507
5.50812
4.8841
3.2338
2.68571
2.94163
3.52066
3.96972
4.58594
5.27032
4.50747
2.50968
-0.0172017
-1.50195
-1.65441
-0.26601
2.44031
3.58069
2.08899
-0.217271
-1.18045
0.153316
1.34451
1.14707
0.669472
0.824895
0.759978
-0.441612
-1.48162
-1.45592
0.270062
2.93635
3.69192
1.80967
-0.263398
0.132614
3.08
5.46166
5.57543
5.14281
5.22464
5.50213
4.5635
1.67727
-1.02621
-1.93961
-0.261182
2.57715
3.31997
1.3846
-1.16434
-2.14823
-0.463382
2.00989
3.44504
4.38512
4.79611
4.79096
3.64267
0.630253
-2.67376
-4.89962
-5.35364
-4.49188
-3.39737
-3.16352
-3.10062
-2.4749
-1.21811
-0.158629
0.00154996
1.13562
3.06819
3.73195
1.4389
-2.03518
-4.94416
-5.96217
-4.9321
-1.97044
1.67734
3.47035
1.27039
-2.43722
-5.40728
-6.17434
-5.07358
-2.93073
-0.69551
0.159019
-1.10901
-3.30192
-5.10017
-5.66551
-4.48237
-2.71676
-2.29637
-3.37184
-4.07907
-2.93211
-2.26717
-3.28456
-4.15776
-3.13196
-2.4852
-2.734
-1.75315
0.201847
0.277772
-1.55255
-1.51214
0.582807
0.83707
-1.21346
-3.00765
-3.59686
-2.91329
-0.9572
0.89659
0.215023
-1.62976
-0.948427
1.21382
1.95936
1.50182
2.31473
3.00983
0.692344
-1.4183
-0.330031
1.95595
1.28381
-2.36251
-4.32047
-1.68127
1.71725
3.67494
4.21289
3.11895
0.823303
-1.02108
-1.26581
-0.630711
-1.35209
-2.21288
-1.12094
-0.364888
-1.57565
-2.59234
-0.513962
3.4455
5.41509
2.98688
-0.171201
-0.231298
1.86532
2.19313
-0.0828755
-2.08048
-1.3179
1.24044
3.55959
3.93431
1.48319
-0.691021
0.109236
2.31764
2.64143
0.509883
-0.704311
0.851013
2.56799
3.46877
3.92627
3.1749
1.05045
-2.16262
-4.31403
-3.4683
-1.17311
0.963399
1.74605
0.300846
-2.0357
-3.05134
-1.72661
0.564363
1.67079
0.19119
-2.32467
-3.19876
-1.91234
-1.12534
-1.54348
-1.05791
1.29602
2.92002
1.82149
1.05165
1.5467
0.911555
-1.14236
-3.28001
-4.07506
-4.67504
-5.14714
-2.83753
0.39257
2.62546
3.23065
2.18478
0.913253
0.690191
1.15645
0.498486
-2.0601
-3.9097
-2.88757
-1.82879
-2.82318
-4.87296
-5.46401
-4.59697
-4.50495
-5.24291
-5.5742
-3.01925
0.169282
0.786956
-1.6557
-4.94459
-5.60181
-2.8048
0.284953
0.272711
-2.79761
-4.76925
-2.26743
1.68427
3.85279
4.00035
3.8196
2.65623
-0.417752
-3.64881
-5.18581
-4.11901
-2.53841
-1.97269
-2.85313
-3.24008
-2.15558
0.0705747
1.16849
-0.245016
-2.09395
-3.1051
-3.58367
-3.92323
-4.65171
-4.83185
-4.75886
-3.87569
-1.78037
0.919065
2.30246
0.742855
-1.37911
-2.74076
-3.11884
-2.02344
-0.855522
-0.607881
-1.82749
-2.89773
-1.49928
1.25556
2.48271
1.116
-1.24258
-3.62743
-4.0823
-1.51937
1.6501
2.08177
-0.450347
-2.12731
-0.820702
0.63475
-0.372378
-2.73418
-3.93362
-2.48701
0.716241
4.18838
5.64582
3.20575
0.0900248
-0.126979
2.4868
4.54339
3.1076
0.427843
-0.423415
1.39459
3.97948
4.49286
2.06825
-1.5341
-3.28114
-1.2303
2.1021
3.71869
2.7623
2.03437
2.9121
4.29884
4.09973
1.90283
-0.729703
-3.06545
-3.71994
-1.33081
1.87199
3.76339
3.71526
3.18513
3.06761
1.88099
-0.664247
-3.02115
-3.87949
-2.72634
-0.622946
1.81949
3.72392
3.28535
1.39238
0.453143
1.27654
1.94537
0.728177
-0.195898
1.02904
3.06165
3.80366
3.8621
3.74651
1.58512
-1.62409
-2.42042
-0.382143
0.570864
-1.49922
-3.18693
-1.14495
2.26532
3.80476
1.81438
-1.64516
-2.95517
-1.16334
2.26385
4.08132
3.26687
2.16741
1.52468
1.29021
1.63888
2.36351
1.56002
-0.360903
-1.34346
-0.354594
1.93714
3.25069
1.69298
-1.25808
-4.28389
-5.57169
-5.19689
-4.96124
-4.89397
-4.26178
-2.1038
0.321045
1.23533
-0.0668919
-2.61965
-4.46073
-4.92489
-4.98788
-4.85385
-4.27788
-2.06656
0.747357
1.46673
-0.291609
-3.47347
-4.72102
-2.79339
0.46323
2.89828
3.29275
2.78857
3.17156
3.7394
3.92812
3.88696
3.66005
2.51008
0.258328
-2.00316
-3.60366
-4.17816
-4.31938
-4.13926
-4.03216
-2.33396
0.316318
1.62894
0.242563
-2.8404
-4.36414
-2.17109
1.27121
2.80802
1.21422
-2.21516
-4.00366
-2.72566
0.309839
3.53479
4.90781
3.1236
-0.0681928
-2.50763
-3.25876
-2.66792
-2.52739
-2.88133
-2.82285
-1.42271
0.968398
3.02908
3.84308
4.20849
4.6478
3.23319
0.429639
-0.662994
0.876318
2.23541
0.941171
-0.238895
1.20071
3.89177
4.87991
2.91087
-0.0656055
-2.69857
-3.95145
-2.21467
0.757486
3.40807
4.44092
4.00131
3.86554
4.15866
4.05566
2.57475
0.464941
-0.454834
0.735665
3.31651
4.9162
3.33725
0.421203
-0.548676
1.17976
2.30578
0.387634
-1.35404
-0.1063
3.00358
4.33073
2.31943
-0.993252
-3.62143
-4.77739
-4.759
-4.91837
-4.78198
-4.12521
-2.302
0.254241
2.8896
4.10728
2.41136
-0.903718
-2.30969
-0.60603
2.61271
3.98782
1.96756
-0.785636
-1.87199
-0.564654
2.33811
3.95537
2.34882
-0.9601
-4.35675
-5.58247
-3.7905
-0.645312
0.749268
-0.318744
-2.84597
-4.17692
-4.27168
-3.91436
-2.59117
-0.198441
2.1513
3.29769
3.11638
2.2766
0.0424888
-2.20799
-2.03488
0.0860401
1.61252
0.357741
-2.44357
-4.37516
-4.87667
-4.75715
-4.47207
-4.24925
-4.45343
-4.74525
-3.61976
-1.40124
1.3885
3.41412
4.0142
4.13703
4.04704
4.11091
2.92966
0.673809
-1.72211
-2.62992
-2.75979
-3.32574
-2.59625
0.01686
1.99287
1.2667
-1.53691
-2.7478
-0.82386
2.22935
4.39835
4.37478
1.79579
-1.26021
-3.1743
-2.99588
-0.62847
2.12363
4.1539
4.94284
4.82559
4.74373
4.77618
4.72285
4.91559
4.97009
3.7143
1.58439
1.12586
2.344
2.18297
-0.0105168
-0.785465
1.23046
2.457
0.503361
-1.10738
0.775741
4.27212
5.86365
3.28666
-0.0551864
-0.731963
1.34332
4.01207
4.92418
4.82566
4.9317
3.41256
0.996628
0.386863
1.74618
1.86786
-0.288612
-1.97124
-0.157192
3.24512
5.02316
3.51031
0.185947
-2.89228
-4.19058
-3.68723
-3.36857
-3.52158
-3.81705
-3.82169
-3.8281
-4.26404
-4.61812
-3.18058
0.0281677
1.73321
0.233116
-3.41196
-5.28615
-2.81762
0.564841
1.45611
-0.795455
-4.21502
-5.1417
-2.70026
0.460669
1.7715
0.44302
-0.394376
0.709474
2.29526
2.40828
1.40214
0.926671
1.45245
2.60364
2.15147
-0.493566
-3.7586
-5.6112
-5.83173
-5.39552
-3.21316
-0.170808
2.01418
1.78512
-0.321183
-2.61473
-4.59026
-5.39248
-4.85553
-3.69328
-1.56761
0.855597
3.11072
4.04276
2.90146
0.700185
-1.81105
-3.75572
-4.75348
-5.24732
-3.91541
-1.70373
-0.936105
-2.09017
-3.21417
-2.04106
0.589755
2.75842
3.89193
4.54044
3.11161
-0.320034
-2.04223
-0.700605
1.51914
1.44807
-1.11767
-3.42026
-4.25663
-4.57737
-4.66548
-4.15743
-1.78254
1.25629
3.17772
2.90735
2.26738
3.00323
4.21095
4.60867
4.11202
3.00583
0.867975
-1.63468
-3.71061
-4.17793
-3.62931
-3.60905
-2.66118
-0.102839
3.25652
5.45601
4.47931
2.08802
-0.608439
-2.61841
-2.21207
-0.450466
0.515308
-0.671655
-2.9616
-3.98943
-2.64875
-0.215813
1.88932
2.81055
3.11381
3.84694
3.54766
1.95384
1.01782
1.81651
2.45477
1.42158
0.882505
1.97146
3.15115
2.70215
2.01345
2.98414
2.87966
0.485837
-1.44915
-0.454846
2.63355
4.5249
4.50853
4.22208
4.03735
3.15494
0.780724
-1.51253
-1.48785
0.898608
3.93464
4.85141
3.97519
3.4877
3.43311
3.90559
4.17952
4.09761
3.45861
2.32489
1.89822
2.68904
2.36314
-0.216797
-3.59338
-5.26794
-4.63292
-4.33097
-4.84713
-5.44894
-4.92166
-3.49719
-1.04546
1.55743
2.06635
-0.331714
-2.25626
-1.02241
0.805648
-0.0433853
-3.32412
-5.40039
-4.03759
-0.650152
2.92946
4.57378
2.11927
-1.37108
-2.31742
-0.190692
2.67739
3.62985
3.55512
3.38394
2.067
-0.0287263
-0.607584
0.668964
2.35078
2.21636
-0.390009
-2.56034
-2.05009
0.665136
2.17803
0.110832
-3.1728
-4.94968
-4.87983
-4.78281
-4.99204
-4.76074
-4.23965
-4.13263
-4.18016
-4.53542
-5.01689
-4.75069
-2.41923
0.829652
3.26321
3.90956
2.65153
0.232815
-2.85416
-4.82461
-4.3629
-2.75856
-0.179058
2.29152
2.78751
1.39515
0.796071
2.34055
3.33419
1.15303
-2.443
-4.64582
-3.09489
0.623912
2.46843
0.888665
-1.09913
-0.182399
3.12457
5.2267
5.05019
4.87627
5.39736
5.33871
2.87896
-0.283974
-1.11819
1.35579
4.7866
5.61397
3.0271
-0.238369
-2.44756
-2.18787
0.298697
2.58151
3.45009
3.05731
2.38371
2.12535
1.00065
-1.17884
-3.31195
-4.20718
-4.0066
-3.60092
-3.8576
-3.85632
-1.77833
1.40096
2.79465
1.2374
0.341317
1.38213
1.51867
-0.596196
-2.99073
-3.016
-2.53149
-3.37408
-3.20647
-0.708403
2.80938
4.44662
2.28043
-1.21524
-4.05673
-4.86076
-4.10155
-2.9629
-0.83614
1.26947
1.88431
0.342485
-1.84123
-2.7882
-2.9137
-3.6764
-4.99065
-5.81165
-4.37176
-1.13554
0.601706
0.239789
-0.222987
0.682003
2.25656
2.99295
3.02521
3.6295
4.03574
3.73012
3.1853
2.94562
3.18821
3.7119
2.43938
-0.713198
-3.88576
-5.3291
-4.8805
-4.50733
-3.1668
-0.66548
2.28393
4.00069
4.14427
4.06289
2.62208
-0.402997
-1.96696
-1.21549
0.0719372
-0.852183
-3.61853
-4.95243
-3.09632
0.264233
3.37026
4.3652
3.90722
3.87586
2.90335
0.99829
-1.38536
-2.62101
-2.39059
-1.93496
-2.32584
-3.16799
-2.88718
-0.848904
1.98625
3.31931
1.37188
-1.33872
-1.30734
1.32935
4.03566
4.40386
3.47589
2.93727
1.75533
-0.582149
-3.11703
-4.16536
-2.44797
0.840391
4.29695
5.50863
3.31888
-0.0694329
-1.75547
-0.385193
2.21241
3.49869
3.42785
3.29731
3.24045
3.16804
3.50024
4.10128
3.17214
1.14276
0.412173
1.63671
1.59364
-0.49383
-1.46238
0.724681
3.22116
3.36161
2.62948
3.38024
4.75029
5.23494
2.88719
-0.138156
-1.22254
0.555764
3.46669
4.57562
4.39291
4.26025
2.80625
0.559221
-0.351838
1.09123
3.04456
3.37732
2.87389
3.32106
2.92507
0.85577
-2.20977
-4.20985
-4.42201
-3.99657
-3.80336
-4.11791
-4.24568
-4.04276
-3.54901
-3.52688
-3.90627
-4.29491
-4.59015
-4.72543
-4.41438
-4.40404
-4.80034
-5.16814
-3.4844
-0.352853
2.84489
4.30388
2.35884
-1.03481
-2.58383
-1.05933
0.552805
-0.140449
-1.2096
-0.0367939
0.837314
-0.413232
-1.07595
0.29907
0.610217
-1.43092
-4.39348
-5.52863
-3.454
-0.329403
1.05735
-0.554773
-4.03559
-5.59574
-3.30624
-0.0680661
1.10884
-0.285281
-1.17249
0.146292
0.909808
-0.469154
-1.94054
-0.80253
2.01126
3.77606
2.647
-0.223648
-3.18293
-4.68281
-4.62813
-4.52158
-3.10161
-0.523836
2.19146
3.33413
1.71685
-0.903374
-1.46639
0.462157
1.88146
0.761787
-2.07354
-3.20079
-1.32528
1.41667
2.27819
0.30717
-2.57269
-4.18375
-3.96511
-3.34772
-1.4615
1.10476
1.88537
-0.0230774
-3.02398
-4.31375
-2.35692
1.0073
3.94553
5.03067
3.04191
-0.189779
-2.69932
-3.60757
-3.26282
-2.94582
-2.84274
-2.85634
-3.10454
-3.33047
-3.2651
-2.89863
-3.10149
-3.49504
-2.01217
0.750875
1.82195
0.0156834
-1.06581
0.701819
2.25268
0.688235
-2.56525
-3.79718
-1.66138
1.49115
2.06294
-0.0489343
-1.42566
0.235609
2.09523
0.891459
-2.09106
-3.41072
-3.45159
-3.51285
-1.98834
0.778086
1.99713
0.147211
-3.07868
-4.40626
-2.44429
0.738441
3.4961
4.39627
2.15418
-1.13399
-2.41961
-1.04082
1.6543
3.18141
3.1645
2.96374
2.59545
2.16009
2.30352
2.91887
3.71735
3.66698
1.34371
-1.85809
-2.48903
-0.364863
0.995778
-0.757386
-4.10228
-5.69941
-5.05436
-4.32813
-4.20603
-4.69417
-3.42527
-0.486428
0.900379
-0.316445
-1.80601
-0.592132
1.92282
3.47104
3.75727
3.75064
1.96738
-1.10942
-3.75299
-4.99558
-4.76421
-4.24915
-2.22144
0.732723
2.84491
3.21667
2.74667
2.59594
1.40086
-1.03779
-3.15655
-3.72673
-3.02037
-2.51231
-2.83935
-3.44572
-2.64447
-0.346934
2.19583
3.11557
3.15526
3.65059
2.86965
0.193125
-2.94789
-4.44198
-4.29078
-3.93493
-2.26733
0.779852
3.66849
4.56813
2.91805
0.326961
-2.31463
-3.92566
-2.79462
-0.010039
2.8805
4.0708
3.96878
3.46435
2.0915
-0.235829
-2.40409
-3.44546
-3.64024
-3.48289
-1.67248
1.20584
2.2241
0.800469
-0.503691
0.673301
1.57609
0.115101
-1.38957
-0.529633
2.1194
3.94604
4.64816
5.0078
3.25299
0.369616
-2.215
-3.49134
-3.24638
-3.19504
-3.44157
-3.42787
-1.76029
1.04134
2.37058
0.954974
-0.043781
1.27829
3.66398
4.72022
4.16454
3.72542
4.00503
4.31522
2.75173
-0.278956
-3.31277
-3.93655
-1.81056
0.968023
3.18747
4.37913
4.4395
4.17053
2.47632
-0.0939293
-2.39547
-3.65947
-3.99658
-3.9316
-2.13527
0.852428
3.43858
3.82528
1.44592
-1.54184
-2.10172
0.00369406
1.49507
0.103474
-2.85238
-4.18774
-4.11234
-3.71506
-2.09467
0.697073
3.2254
4.23376
3.92871
3.49956
1.46587
-1.57164
-2.95251
-1.59642
1.56298
2.83735
1.03493
-2.09825
-4.17245
-4.52493
-4.13337
-4.49015
-5.18035
-5.26127
-3.77759
-1.24046
1.02746
2.01301
2.18796
2.56622
3.1942
3.53482
3.41627
2.86641
0.990028
-1.56654
-2.28397
-0.432939
2.51084
3.88867
1.86348
-1.3743
-3.95637
-4.29151
-2.07819
0.702536
2.66325
2.93146
0.867334
-1.8157
-2.72279
-1.23421
1.36028
2.74564
2.7707
2.76214
3.13636
3.1201
1.1722
-1.55489
-1.8461
0.39875
1.69987
-0.158462
-1.49892
-0.0591056
1.71982
0.803389
-2.07902
-4.00276
-4.46454
-4.49045
-4.18998
-3.98269
-2.19829
0.716236
3.39354
4.33198
4.20982
4.25538
2.71517
-0.0438117
-1.11382
0.499064
2.20485
1.096
-1.69352
-3.59709
-4.05244
-3.90044
-2.0789
0.720866
3.43178
4.69093
3.30736
0.92846
-1.63419
-3.14658
-3.13399
-2.62812
-2.38163
-2.36229
-1.28786
1.02146
3.34934
4.26526
4.22825
4.33524
4.77565
5.06104
3.23753
0.534197
-0.590035
0.854727
1.96884
0.213785
-2.86676
-4.33344
-2.50488
0.278876
3.23471
4.62649
2.87694
-0.276673
-2.98486
-3.3857
-1.28924
1.1907
3.24845
4.14091
4.2242
3.83274
2.55315
0.155105
-2.47038
-3.78181
-2.27919
0.415112
1.13065
-0.748859
-1.85258
-0.652557
0.372539
-0.798382
-1.60748
-0.127383
0.803824
-0.968091
-3.76166
-5.21265
-5.18695
-5.03289
-2.94824
0.115714
1.1143
-0.864837
-3.89099
-4.79891
-2.47068
0.485711
1.10953
-0.679339
-1.97824
-0.469842
0.921553
-0.234594
-2.9195
-4.14988
-4.14116
-4.35732
-4.82451
-5.01591
-4.96917
-5.15362
-5.1887
-4.91949
-2.93107
0.193525
3.09894
4.46861
2.27899
-0.961478
-2.06085
-0.269486
2.67421
3.83402
3.59537
3.3275
1.56069
-1.12152
-1.9008
-0.0229067
1.26447
-0.0324893
-3.15714
-4.88204
-3.18477
-0.187129
1.19832
-0.301205
-3.14071
-4.58636
-4.2481
-3.81798
-3.49833
-3.39418
-3.68884
-4.17312
-4.43557
-3.97512
-1.83139
1.15712
3.85088
4.95418
3.05113
-0.195949
-3.06784
-4.50701
-4.14523
-3.80747
-3.65925
-3.24748
-1.53182
0.89184
1.58341
0.0896052
-0.756908
0.93325
3.73969
5.01408
3.01074
-0.0187429
-1.05441
0.661946
1.9444
0.30957
-2.83249
-3.9731
-2.04401
0.532412
2.80363
4.18968
4.65692
4.65158
2.80247
0.0888891
-2.63787
-3.473
-1.93768
0.673799
3.35755
4.64417
3.36296
0.693484
-2.14842
-3.1945
-1.69064
0.743783
1.73506
0.327946
-2.11974
-3.61194
-3.91712
-3.57949
-1.78013
0.89844
1.38342
-0.586318
-1.4876
0.0594747
1.14284
-0.683203
-1.79375
-0.230415
1.34783
-0.0487378
-3.07312
-4.82634
-4.91568
-4.88001
-4.80467
-4.89395
-4.8811
-5.00445
-5.09735
-4.82554
-2.63209
0.512285
1.25515
-0.806581
-2.18452
-0.455419
1.0236
-0.490075
-3.31611
-4.38999
-4.06823
-4.29066
-2.87204
-0.0425744
1.15241
-0.505558
-2.10164
-0.950165
2.06162
3.70068
3.81071
3.21277
0.945125
-1.89728
-2.49785
-0.453047
2.28809
3.10988
2.71615
2.93388
3.23604
3.24667
3.26392
3.55513
2.36624
-0.11774
-2.86091
-4.27471
-4.39763
-4.316
-4.18681
-4.41195
-4.29606
-4.13411
-3.64969
-3.36986
-3.74088
-4.19451
-2.70811
0.0981908
1.35192
-0.300182
-3.53272
-4.88328
-2.61954
0.819283
3.67101
4.29462
1.90754
-0.832079
-1.13331
0.60418
1.8294
0.560183
-0.733825
0.609377
3.14434
4.23682
3.98468
3.8312
4.3977
4.97875
3.27436
0.287947
-0.938042
0.484904
1.88293
0.561723
-2.34876
-3.79936
-2.09881
0.4797
1.41374
-0.177745
-2.72389
-4.10464
-3.93055
-3.50884
-1.99009
0.535705
2.9931
4.55015
5.04954
4.8199
2.97185
-0.194867
-3.01012
-3.88631
-2.25427
0.361061
2.81893
4.34794
4.48773
4.02814
3.52882
3.36941
3.63417
3.65273
2.44161
0.15785
-2.33742
-3.83248
-4.46652
-4.68151
-2.73658
0.242802
1.17275
-0.424203
-2.12808
-0.968634
2.03284
3.87855
2.36267
-0.535296
-1.79738
0.0438727
3.09463
4.38383
2.44966
-0.448642
-3.04767
-4.024
-3.85286
-4.07474
-4.62258
-4.74418
-3.22125
-0.676089
1.93868
2.89974
1.01725
-1.89791
-4.28015
-5.18549
-5.07378
-4.76522
-3.08743
-0.720369
0.251878
-1.10397
-3.60071
-4.78315
-3.04795
0.136855
2.96658
3.94129
1.79392
-1.22132
-1.94949
-0.532025
0.819859
-0.378182
-2.88126
-4.19977
-4.0041
-3.58989
-3.55232
-3.78156
-4.15482
-4.3628
-2.78049
-0.420367
0.325048
-1.34733
-2.32713
-0.57949
2.48934
3.77011
2.05166
-0.497555
-3.16191
-4.68137
-5.09568
-5.02976
-3.10986
-0.302991
1.26356
0.194575
-2.10602
-3.12307
-3.47658
-3.77999
-2.81114
-0.532626
2.30607
3.90659
2.53056
0.126569
-0.882898
0.587958
2.8545
3.66986
3.15685
3.09605
3.23445
3.22105
3.33746
3.66518
3.86911
3.81256
4.06257
4.34407
2.59195
-0.369599
-1.57234
0.371613
3.42139
4.78931
4.69943
4.74628
4.61258
4.17322
2.16663
-0.57912
-1.28501
0.436114
1.62688
0.104816
-1.08123
0.471454
3.18574
4.11961
3.83504
4.15183
4.77152
4.97279
4.90705
4.87362
3.31873
0.630466
-2.18554
-3.59507
-3.84188
-3.84244
-1.96836
0.9809
2.25671
0.834345
-2.0149
-3.19482
-3.3938
-3.49588
-2.1649
0.336016
1.37758
-0.412917
-3.13028
-4.01043
-1.89846
1.21663
3.18599
3.50586
3.09744
3.2786
3.71035
3.54704
3.04241
3.02867
3.17356
3.24782
3.449
3.78605
3.96944
4.11042
4.07555
4.131
2.09341
-1.1107
-2.37552
-0.753145
2.48817
3.9793
1.9857
-1.03465
-2.31217
-1.17595
-0.26687
-1.6002
-2.27561
-0.7564
0.663921
-0.401299
-1.27271
0.163923
2.54809
3.78102
3.63147
3.62808
3.81368
4.00978
2.38187
-0.597617
-3.64944
-4.66947
-2.48633
0.608053
1.23943
-0.675188
-1.956
-0.708282
0.961818
-0.100248
-2.74661
-4.03884
-4.31148
-4.33726
-2.83137
0.0515125
3.32157
4.79494
2.83288
-0.252099
-1.44588
0.338845
3.44747
4.48297
2.35712
-0.421536
-1.33378
0.184703
2.82898
4.20624
4.13848
3.99234
4.18043
4.20108
2.39903
-0.492247
-1.68497
-0.359544
2.5299
4.42013
5.16607
5.24206
3.33156
0.386821
-2.45155
-3.89799
-3.72505
-3.09699
-2.82761
-3.24039
-2.58254
-0.418302
2.21487
3.52157
3.62917
3.81578
4.22723
4.49533
4.13011
3.65213
3.51359
3.44722
2.13522
-0.36603
-2.7664
-3.819
-2.1301
0.643513
3.53582
4.9654
3.25845
0.397561
-2.36638
-3.40753
-1.64578
0.696492
1.33102
-0.121786
-1.2607
0.00106013
2.73052
3.86644
2.12867
-0.706411
-1.4435
0.364383
1.21305
-0.25904
-1.48095
-0.403809
0.670495
-0.697902
-1.73661
0.0978359
3.30101
5.02167
2.98172
-0.336934
-3.63479
-5.13553
-3.38898
-0.156341
2.83256
3.85092
1.81909
-0.622696
-1.18941
0.0846882
0.873229
-0.464047
-1.73141
-0.724717
1.94022
3.36362
1.68314
-1.45041
-2.37329
-0.412342
0.907341
-0.583085
-2.0172
-0.842733
0.651044
-0.449355
-3.42835
-4.92452
-3.12192
-0.170861
0.918725
-0.677821
-3.43104
-4.57432
-2.87839
-0.289893
2.41766
3.3637
1.28545
-1.60886
-2.06156
-0.120781
1.56742
0.282103
-2.48749
-3.76209
-2.48633
0.0983614
2.61117
3.88589
4.17665
4.13748
2.43342
-0.170711
-1.37082
0.0010097
1.52999
0.508639
-2.3426
-4.10601
-2.66055
0.185149
3.42404
4.91191
3.15757
0.0625526
-1.21455
0.328823
3.20201
4.29659
3.86333
3.67569
3.86275
3.77728
2.03352
-0.604008
-2.94915
-3.55389
-1.25945
1.82147
2.40942
0.377133
-1.23825
0.18214
3.12844
4.39219
4.10622
3.69323
3.88608
4.22506
2.66749
-0.231437
-3.11966
-3.87848
-1.39256
1.59881
2.25363
0.243879
-2.71971
-3.5091
-1.47639
1.28475
3.46424
4.26232
4.27998
4.39997
3.20459
0.566648
-2.39154
-3.43954
-1.57455
1.09104
1.75661
-0.175473
-2.66648
-3.67368
-3.39056
-2.9618
-1.43107
0.879501
1.33174
-0.796348
-3.29008
-4.07208
-3.77959
-3.85263
-2.39468
0.246303
1.45914
-0.257024
-2.71966
-3.51521
-3.3312
-3.69285
-3.79069
-3.23812
-2.84527
-3.3924
-3.73893
-3.57087
-3.44728
-3.90807
-4.42868
-4.52339
-4.25563
-4.43257
-4.46829
-4.64209
-4.57777
-4.6241
-4.65696
-4.67146
-2.6047
0.537641
1.44488
-0.521626
-1.91293
-0.3799
0.778812
-0.878484
-2.09782
-0.502529
0.830691
-0.844342
-1.80858
-0.195027
1.01241
-0.71113
-2.1184
-0.478837
2.64858
4.0543
3.96435
4.05031
2.32999
-0.47947
-1.30808
0.432621
1.56427
0.0434235
-1.11761
0.322077
1.09269
-0.551635
-1.57117
0.253319
1.54916
-0.0445032
-2.95055
-4.23183
-3.92235
-4.08097
-4.21277
-4.35085
-4.39326
-4.40816
-2.33854
0.698846
1.69978
-0.178727
-1.0906
0.530335
1.62797
-0.23984
-1.87158
-0.435419
2.6997
4.35521
4.70165
4.9229
3.08763
0.0665437
-1.10748
0.880021
3.78117
4.55848
4.22171
4.41001
3.17897
0.590415
-0.620112
1.08227
2.37317
1.05027
-2.04602
-3.69866
-3.47581
-2.81436
-2.54034
-2.91197
-3.49617
-3.93884
-3.6905
-3.36884
-3.23317
-3.51971
-3.79446
-3.79783
-3.79596
-3.78345
-2.05243
0.88903
3.53613
4.52018
4.5574
4.80605
3.12969
0.20946
-1.01499
0.338372
1.4814
0.114205
-0.733934
0.751111
1.45825
-0.204324
-1.66678
-0.168995
2.83449
4.25387
2.28583
-0.921298
-3.70894
-4.97017
-4.74026
-4.78145
-4.86857
-4.46589
-2.64798
-0.247394
0.399986
-1.06672
-1.69059
-0.120853
0.596274
-1.06045
-3.92846
-4.76715
-2.49796
0.559034
1.42411
-0.311915
-3.38591
-4.76636
-3.08216
-0.37427
2.30198
3.46756
3.74071
3.7067
2.2239
-0.194307
-1.4898
-0.21258
2.3769
3.55386
1.90975
-1.15835
-3.48921
-4.1508
-4.06149
-4.21295
-2.79814
-0.0864889
1.47857
0.205264
-2.13158
-3.23426
-3.41525
-3.88295
-4.11594
-3.77477
-3.62899
-3.77427
-2.28957
0.3364
1.55633
-0.367263
-3.32255
-4.82131
-4.62544
-4.5087
-4.21009
-3.64632
-3.31524
-3.40379
-3.71926
-3.69297
-1.63499
1.19655
2.05771
0.233881
-2.71959
-4.04883
-3.84914
-3.86904
-3.54256
-2.87078
-2.76884
-3.03817
-1.57691
1.10955
2.04636
0.0550106
-1.20053
0.430604
3.5511
5.08616
4.62055
4.19383
3.97586
4.17831
4.6135
4.79337
2.90587
0.278772
-0.724777
1.09668
3.8581
5.23613
5.14442
4.87837
3.19731
0.35584
-2.56615
-4.07299
-4.11367
-3.53189
-1.30682
1.30087
1.86308
-0.0303651
-2.73229
-3.65909
-3.612
-3.74103
-3.64498
-3.09789
-2.79664
-3.34039
-4.15647
-4.18006
-2.16143
0.99144
3.66852
4.71944
4.3144
4.13372
4.23002
4.46654
4.05235
3.56044
3.46909
3.51205
1.82467
-0.892899
-1.22483
0.958765
1.97403
-0.0972419
-3.41237
-4.62025
-2.75869
-0.115438
2.68153
4.28635
2.6472
-0.414464
-1.78736
-0.520569
0.860516
-0.518192
-3.2987
-4.48748
-4.43918
-4.15214
-2.59645
0.20582
3.05382
4.3924
2.48005
-0.290117
-1.29669
0.414535
1.8717
0.561898
-2.57208
-3.99884
-2.64018
-0.00998098
2.47348
3.87101
4.12651
4.32601
4.32801
3.76658
1.60731
-0.964945
-1.84438
-0.17012
2.82636
4.43297
2.70346
-0.689031
-3.73631
-4.37092
-1.79911
1.32074
2.0414
-0.0191002
-3.18685
-4.25618
-2.59913
0.171669
2.42631
3.33936
3.38557
3.63403
4.0846
3.87018
1.74346
-0.708332
-1.33309
0.267044
1.17927
-0.428994
-3.10345
-4.47632
-4.27804
-3.79081
-1.71389
1.30309
2.1429
0.0333057
-3.21636
-4.38955
-2.1597
1.17252
3.71282
4.56507
4.37563
4.39942
3.20936
0.50372
-2.42857
-3.68998
-3.47722
-3.08355
-3.28532
-3.60019
-3.61503
-3.41326
-3.35278
-3.53543
-1.88431
1.16975
2.15721
0.152662
-3.02549
-4.20442
-3.72289
-3.46642
-2.07379
0.324516
3.11901
4.58956
3.12148
0.407058
-0.772596
0.704737
1.90336
0.676129
-2.06954
-3.5227
-3.39886
-3.05329
-3.26084
-3.68139
-4.25528
-4.46278
-4.32151
-3.88395
-1.65835
1.28635
2.03686
0.182348
-2.95597
-4.25861
-2.39882
0.494726
2.83793
3.53647
3.53317
3.9875
2.8646
0.279971
-1.18327
-0.00805748
1.263
0.2355
-2.50443
-4.18358
-4.19721
-3.7131
-3.68091
-4.04266
-2.57045
0.260714
1.70221
0.336532
-2.63896
-4.35972
-4.56741
-4.66287
-4.64509
-4.37504
-2.48986
0.549616
2.9494
3.77743
3.7938
4.08472
2.62786
-0.44016
-3.17359
-4.00213
-3.56916
-3.47244
-3.87393
-4.16053
-4.27516
-3.89281
-2.09135
0.379025
3.01575
4.43738
2.85339
-0.267672
-3.21491
-4.43361
-4.0618
-3.55688
-2.09371
0.180196
2.48163
3.50124
2.15099
-0.331219
-1.16422
0.53925
3.06738
3.85286
1.75293
-0.714095
-1.18378
0.365688
1.10512
-0.542889
-2.92427
-3.91788
-3.81062
-3.62693
-1.93324
0.980906
1.68127
-0.446706
-3.2463
-4.13269
-3.7445
-3.86324
-2.72414
-0.0417147
3.17181
4.70854
3.34483
0.64248
-2.41226
-4.14973
-4.14864
-3.49653
-2.73624
-2.31108
-2.32242
-2.43391
-2.47715
-2.54408
-2.84119
-3.36497
-3.9446
-4.05808
-1.94348
1.15793
1.99139
0.0967897
-1.21119
0.544578
3.96477
5.32398
3.20573
0.259441
-0.732052
0.880906
1.74612
0.222947
-0.838439
0.572767
2.13899
0.776647
-2.12022
-3.72633
-3.93368
-3.83128
-2.05639
0.844138
3.95335
5.21396
3.37195
0.402304
-2.58961
-3.9751
-2.23744
0.408029
1.48032
-0.00414217
-1.22477
0.0867923
2.50693
3.65708
3.41245
3.15044
3.69806
4.16223
2.46983
-0.578138
-1.75965
-0.101464
1.21767
-0.468169
-1.67304
0.0488119
3.1314
4.20059
2.01143
-0.991228
-3.43944
-4.6597
-4.70803
-4.65581
-3.08884
-0.320108
2.40855
3.57321
3.70521
3.49347
1.74947
-1.25617
-2.47548
-0.715981
2.44869
3.59726
1.31201
-1.91061
-2.80498
-0.994001
2.11619
3.79397
3.9619
3.55325
1.83808
-0.727922
-3.31042
-4.70336
-4.53221
-3.79599
-3.37192
-3.75537
-4.40363
-4.39097
-2.80403
-0.324538
2.23524
3.82672
4.13555
3.9309
3.56339
3.67024
3.81187
3.54308
1.8515
-0.65194
-3.13549
-4.37416
-2.58658
0.580846
1.8738
-0.0635337
-3.19412
-4.12597
-1.98626
0.774489
3.2951
4.26257
2.46141
-0.570818
-1.58793
0.285259
3.61753
4.82205
2.87664
0.146965
-0.88876
0.578965
3.23575
4.93193
5.21513
4.58795
2.2434
-0.57612
-1.34279
0.6025
2.14172
1.18735
-1.75109
-3.7186
-4.05105
-3.65278
-1.63447
1.20841
3.84313
5.2103
4.75462
3.93303
3.60414
3.99656
4.33807
4.39173
4.41955
4.48132
2.98642
0.0237125
-2.79013
-4.17177
-4.00059
-3.8656
-3.91735
-4.01011
-2.52259
0.0907532
3.00858
4.14995
2.32024
-0.792791
-1.60904
0.302484
1.79394
0.379895
-2.86015
-3.97094
-2.23248
0.353744
2.77842
3.99853
2.55617
-0.510109
-3.72226
-4.63452
-2.49084
0.215149
1.21387
-0.269059
-2.83801
-3.90454
-2.51533
0.143419
2.68956
3.76811
1.89047
-1.02116
-1.90582
-0.50925
0.3278
-1.05736
-2.17244
-1.03851
-0.0140616
-1.20885
-3.58509
-4.91602
-5.13397
-5.37052
-3.50823
-0.401744
0.814116
-0.83148
-2.50017
-1.27399
1.93992
3.52968
1.66828
-1.06807
-1.86899
0.0664121
1.10556
-0.630681
-3.43706
-4.51991
-4.03847
-3.81969
-4.04291
-4.29435
-4.74678
-4.75036
-3.04675
-0.471876
2.51295
4.00579
2.34191
-0.729661
-3.65589
-4.58338
-2.64843
0.0673636
2.48113
3.47342
3.54124
3.29182
1.7451
-0.808733
-1.93201
-0.48339
2.47147
3.88447
2.07642
-0.925424
-1.65698
0.19528
1.41089
-0.0802859
-1.07807
0.285629
1.81941
0.608307
-2.18664
-3.82163
-4.02471
-3.87529
-3.69882
-3.72006
-3.72144
-3.61532
-1.91584
0.689612
3.57175
4.96432
2.96556
-0.297034
-1.30916
0.696076
2.50296
1.28489
-1.60692
-2.79308
-2.76632
-2.30063
-0.410062
2.39619
2.99756
0.81683
-2.33947
-3.22049
-0.84805
2.20501
3.09814
1.30566
-2.0108
-3.6925
-2.16781
0.773482
3.48784
4.40291
4.25462
4.29732
4.16418
3.87322
3.45052
3.36132
3.65325
3.66652
2.13718
-0.657097
-3.18274
-4.36537
-4.35021
-4.55019
-2.78291
0.177717
1.58577
0.288228
-2.63369
-3.67954
-1.7825
0.94015
1.32696
-0.453518
-1.61617
0.22716
3.09995
4.01613
2.1695
-0.487339
-3.06082
-4.51726
-4.906
-4.95386
-4.50816
-4.24401
-4.29507
-4.24959
-2.92621
-0.409678
2.31498
3.6495
2.10381
-0.821614
-3.79002
-4.94242
-2.95491
-0.220759
0.955559
-0.497648
-3.46416
-4.57988
-2.61485
0.147375
1.07318
-0.470151
-3.19013
-4.49579
-2.90563
-0.369995
0.56098
-1.01218
-1.94921
-0.340688
0.896099
-0.296532
-2.92994
-3.94709
-3.95172
-3.9746
-2.48824
0.367545
3.06641
4.16916
3.93171
3.51418
1.7247
-1.41764
-4.13996
-4.80274
-2.45084
0.606357
1.40097
-0.475112
-2.93263
-3.83882
-3.48727
-3.45681
-3.95636
-3.93774
-2.29365
0.405586
2.55391
3.16151
3.24492
3.6225
2.29287
-0.467773
-1.73652
0.0319999
2.91289
4.13394
3.84694
3.8657
4.24061
4.14604
2.19671
-0.836431
-3.48791
-4.16111
-1.99852
1.2046
3.96786
5.21633
4.76013
4.26387
4.00518
3.9735
3.95798
3.76979
4.03085
4.25327
2.87604
0.0175973
-2.98352
-4.25979
-1.87221
1.59956
2.47536
0.340052
-1.49978
-0.106982
3.21019
4.52096
2.86156
0.200149
-0.482749
1.06343
1.69366
-0.263149
-3.24548
-4.04813
-1.68965
1.10995
1.78015
0.0442051
-2.83839
-4.42305
-2.84842
0.063977
3.35069
4.52125
2.41318
-1.01181
-3.52746
-3.80256
-1.71422
0.91545
3.16782
4.02101
2.639
0.0720073
-2.18794
-3.20816
-3.26768
-2.77215
-1.08579
1.15308
1.45022
-0.16534
-0.781653
0.793575
1.3172
-0.646344
-1.67451
-0.124838
0.950909
-0.768784
-1.55238
0.353414
1.71644
-0.0821013
-3.3657
-5.01193
-4.79987
-4.62806
-4.68802
-4.9381
-3.16653
-0.377614
0.70351
-0.800539
-1.84417
-0.212004
0.714718
-0.798372
-1.88678
-0.575933
0.591285
-1.01553
-3.80955
-5.1463
-5.00555
-4.70849
-2.89314
-0.00321832
2.83368
4.25281
4.08566
3.51837
1.48562
-1.12801
-1.60058
-0.0760713
0.782228
-0.644814
-1.34706
0.564064
3.06863
3.71952
3.13032
3.2704
4.03074
4.56359
2.76698
-0.328767
-2.90646
-3.4844
-2.83153
-2.96046
-3.74266
-3.95846
-1.96399
0.756469
2.09396
0.735859
-1.98318
-3.63992
-4.16758
-4.02675
-2.32932
0.450596
3.50228
5.11614
3.77864
0.780335
-2.55024
-4.03887
-2.5596
0.303663
2.90564
4.07932
4.00294
3.91847
3.95334
3.93873
4.07533
4.25527
4.58017
4.53443
2.57528
-0.358368
-0.92814
1.15042
2.13595
0.181741
-1.13003
0.704397
2.45653
1.18649
-2.11184
-3.82578
-2.04672
1.23889
2.56009
0.8503
-0.596952
0.85364
3.56787
4.61821
4.32225
4.13184
2.29755
-0.744072
-1.4496
0.607855
2.49439
1.34583
-1.96105
-3.82975
-2.62994
0.023542
3.1879
4.79057
3.14603
-0.0752875
-2.88476
-3.83029
-3.33903
-3.25815
-3.28717
-3.38094
-3.6116
-3.55958
-2.14612
0.354767
3.22409
4.82228
3.12311
-0.289822
-1.62864
0.249094
1.64273
0.480831
-1.17781
0.00968987
2.76488
3.92644
2.07758
-0.984997
-1.92374
-0.112632
2.99019
4.24986
2.04917
-0.809193
-2.04645
-0.549854
2.44403
3.87631
2.14948
-0.611024
-2.02448
-0.613931
2.36083
4.06431
2.79535
0.0528101
-2.59361
-3.5887
-3.68379
-3.85452
-2.88022
-0.431797
2.19695
3.53185
3.638
3.4097
1.61512
-1.37485
-3.75325
-4.46089
-4.23338
-4.16686
-2.56015
0.227576
1.18108
-0.645098
-3.39789
-4.34737
-4.16933
-4.17457
-2.98255
-0.634432
2.18851
3.68125
3.93772
3.6646
1.74808
-1.24424
-3.6153
-4.42315
-3.81739
-3.2912
-3.38083
-3.69648
-3.79971
-3.6554
-3.17882
-2.98516
-3.43398
-3.84868
-2.31427
0.653688
3.60856
4.85435
4.98192
