0
0
0
-0.128442
0.778814
4.82898
1.9436
3.59307
4.06143
0.596917
-4.88164
1.84675
1.51343
-3.01936
-0.559183
-3.44498
-4.02862
-0.889533
-3.42827
-2.727
-3.02623
-3.76931
2.68608
1.7712
-1.84569
3.10861
6.10789
4.11282
2.01542
0.81283
-3.07306
-1.59068
-1.69956
-0.339729
5.15036
1.314
-1.60576
2.74383
1.38468
-2.12751
1.242
1.04316
-2.05713
-0.375852
-1.08319
0.0171279
4.13353
4.47373
1.84981
-1.75198
2.95506
0.621755
2.86294
-0.284716
-4.01577
-3.70278
1.58344
3.66137
3.33378
2.28307
-0.6477
3.07019
1.18415
-2.85161
1.58165
-2.89747
-0.549824
-0.391605
-4.27782
-4.8694
-4.74513
-1.53822
2.99498
2.86808
-2.6609
1.73613
2.40362
-1.00834
3.16096
2.93491
-3.22213
-3.10617
2.04966
-0.661915
-2.34827
-0.797916
4.23586
5.34842
2.22614
-0.64452
3.63814
0.14083
-2.61221
-2.58322
-2.43083
-1.77132
2.68789
5.9175
5.50481
3.97663
-0.598532
-2.16546
-2.04884
2.36386
-1.14464
-1.61897
3.94722
2.79732
-3.15406
-1.90842
2.89915
4.19142
3.79741
3.75344
2.25389
-1.45321
0.771179
-2.20555
0.813411
-2.46292
2.38423
2.34474
-2.70495
1.66057
3.4305
1.36986
-2.87684
0.23473
-2.49419
1.24097
0.753486
-4.17623
-5.33454
-4.96519
-3.85378
-4.07093
-2.91105
0.953757
-3.67066
-3.75866
1.10908
-2.14105
-3.26877
0.84001
-1.71168
2.73974
4.20615
4.47735
3.58022
-2.13326
-2.56557
-2.35525
3.76198
4.42239
-0.59832
-3.16279
-1.75669
3.43544
3.4951
-1.64347
-3.2665
-0.0717566
3.19246
0.426496
4.01077
5.58186
2.88428
-0.621696
2.93104
-1.83884
-3.07643
-1.6095
-2.6691
2.6989
4.92394
4.0129
4.01695
3.53438
-1.14445
-4.73306
-3.47588
2.53598
0.724987
-4.50722
-4.14694
1.62511
-2.34977
-2.74761
2.14846
3.05466
0.791657
-4.5042
-2.2747
-3.85333
1.14725
3.46006
1.23718
-2.92767
1.65214
0.868062
2.13664
2.53358
-2.51302
-0.383883
3.33173
3.29678
1.09521
3.17783
4.76731
2.84005
-2.88881
-3.86965
-3.54504
-3.53783
-2.98821
0.531308
-0.535025
2.47458
-2.14783
-0.205617
3.55128
4.13655
-0.629646
1.23633
3.58098
2.04539
-1.8397
3.12245
5.405
-0.101907
0.419034
-1.19512
-0.192992
-0.180881
-2.60475
-2.84299
-0.570142
-1.99683
3.48642
3.74709
-2.02285
-3.16295
-3.2587
-0.267955
-2.69778
-0.756199
-2.73596
-0.263448
1.08521
-2.01611
1.91703
0.813905
0.298472
2.07465
-2.23144
-1.41475
1.97329
-3.6908
-6.01361
1.27172
3.64441
2.41823
-1.42484
-2.94637
-2.62126
-3.85382
-2.13366
-4.59666
0.367867
-2.67751
-6.24187
-3.16193
1.76353
1.95936
-0.570182
-4.24607
-4.43903
-1.22571
-3.71567
-4.50197
-3.10915
0.944163
2.36954
-2.56675
3.44245
4.9258
1.94496
4.77553
4.92805
1.00215
-1.38095
-2.48626
-1.24469
4.11136
3.04969
1.41802
-0.309616
4.64602
1.75966
-1.4776
0.607784
4.79452
3.24346
-3.60037
-3.86781
-4.09447
-2.02176
4.23865
4.72402
-1.49201
1.51774
4.92397
3.84976
0.199109
-3.64094
-1.42942
2.22197
0.730188
2.45751
3.54652
3.48987
4.08986
1.14172
-5.22984
-0.132979
-2.32293
0.144552
3.89582
1.6109
1.0399
-2.67924
-2.24946
2.60098
1.09742
-5.26837
0.522549
4.70175
1.32843
-4.96253
-3.42939
-0.391405
-3.41725
-4.93457
-4.96058
-2.97596
-3.20291
-3.02339
-2.42291
2.6552
2.87254
-1.23776
2.00622
-3.29658
-1.14813
-2.88886
2.18413
-0.416267
-1.02239
2.64958
-1.17845
-1.2397
-0.497923
-2.33632
2.3482
3.38037
5.22945
2.74315
-1.45242
-2.22499
-1.33897
5.22581
4.81796
2.68039
1.92678
-4.09875
-4.28183
-1.79071
-2.032
-2.86055
-4.7773
-2.1922
-3.34203
0.0103652
2.10698
-2.11048
-3.95167
-1.22298
-1.08844
-1.06777
-1.10516
-0.682015
-3.81897
-0.310526
-2.32023
-0.524607
-2.94914
-6.59255
-0.215254
-2.21399
-0.507048
0.0860867
-1.40795
-3.40033
-0.220748
-2.13032
-5.59775
0.875274
4.28549
-2.06861
-1.91306
-0.0452997
-0.303174
-0.335504
3.20903
5.26415
-0.76024
1.46183
-1.05899
-2.64743
1.36311
-1.71838
1.7903
3.67611
2.89028
3.5484
5.5369
-1.20475
-2.47709
2.49856
3.08129
0.49543
-0.659782
-1.70839
1.15962
1.21421
-1.5452
-0.598584
0.523495
2.92233
-0.927215
-4.58225
-3.74809
2.40208
5.39873
1.6317
-2.6437
-1.69512
-0.141216
-2.10757
-5.30789
-5.72884
-5.25709
0.660466
1.88344
3.12103
-2.6819
-2.67671
2.73686
0.606562
-3.37114
-3.89561
-6.4845
-2.55667
2.56911
1.14838
0.369617
0.938445
3.71833
-0.324845
-3.44587
0.991249
1.11182
1.64691
4.05984
0.936561
0.0823473
1.6617
2.23591
-1.67723
-4.09233
1.55173
2.27648
0.488349
2.19018
2.30474
2.55219
5.6029
-0.205398
-0.832969
-0.898541
-1.29823
1.98282
-1.64005
-3.58019
-0.308944
0.106371
3.46814
3.48506
-1.68096
-3.54447
2.60324
1.90924
-1.50298
3.09427
3.19836
-1.06773
-3.2763
-1.08164
0.0418832
-0.534161
-2.21555
-0.600326
5.17384
-0.692101
1.02643
2.2514
-2.79403
-1.77965
-2.00537
0.979818
5.04761
-0.283913
-1.7612
3.69267
1.11451
-3.63301
-6.11742
0.819639
0.20447
-5.94765
-3.0304
-0.134598
1.07821
3.43817
3.74445
0.472895
0.500442
2.33989
3.60413
-2.59078
-1.92522
4.26488
0.146681
-2.38508
2.24356
4.59326
4.83093
4.58913
1.4822
2.03572
4.76163
-1.05174
-3.10829
-3.59063
-2.12961
-0.568175
-1.40398
0.176599
1.47078
-1.18547
3.70105
1.99992
-2.84475
2.14749
3.25855
2.44489
-1.35745
-1.06372
-0.96773
-3.94269
2.2602
1.40601
0.152065
2.78566
-0.847392
-1.85591
-4.48162
1.13599
3.04606
-1.46171
-2.95016
-1.38745
-1.72482
-5.04498
-4.85886
-2.15917
2.58631
1.31285
1.46113
-1.87564
-2.87176
0.578169
1.37627
2.85343
1.76331
0.26284
0.189776
1.93801
-1.10119
-3.18135
1.39215
3.02902
-0.165954
0.458706
0.899472
0.764927
3.31536
-0.919533
-5.90831
-5.09206
-3.78454
-5.06463
-4.69112
-4.32904
-3.7126
-0.270891
4.95911
-0.906526
-3.59293
-0.917003
-1.9879
-1.7309
-1.92228
-1.77387
3.75098
1.30506
0.231272
1.19399
-1.19942
2.40715
-1.43074
1.97933
-0.121554
-1.7623
3.26996
5.53803
-0.230827
2.24863
6.27611
2.46666
-0.495552
3.2628
3.13955
-1.60501
-0.753364
-1.47834
-4.21742
-4.45432
0.298481
0.853542
-1.93598
-2.05968
1.42569
4.0302
-2.1815
-4.03863
-5.05687
-2.63424
-2.02684
2.05025
-0.545558
-1.53575
3.49738
-3.40258
-1.78283
3.19469
-3.37889
-3.26585
1.48808
2.93611
0.401954
-3.32525
-2.69783
1.55565
3.81253
0.741131
-2.1305
-1.44111
-2.61806
-5.19363
-1.34111
-2.04745
1.10694
3.19031
5.16936
0.630774
-4.1964
2.88908
1.55238
-4.01852
-4.19594
-1.08295
3.38913
5.61557
5.18601
-1.65556
-1.6015
3.60658
5.16659
2.46172
3.3028
3.4176
-1.44355
0.576716
5.92127
2.77429
2.02588
2.0598
-2.26534
0.0533449
5.25003
-0.979636
2.2533
0.58644
-4.98143
-1.43566
-2.00331
-3.21751
-4.96569
-5.57314
-0.85675
4.95637
-0.421734
-5.35666
1.50248
4.30485
3.72064
4.02653
0.892903
-2.46378
0.798384
-2.55068
1.23848
0.625777
1.09681
2.86573
-2.75411
-4.40391
-1.39791
0.702971
-2.52006
2.07393
0.878355
1.07416
0.766233
-3.89818
-0.70486
0.35046
-4.79449
-4.97742
-0.165655
5.07716
-1.82181
-4.45812
2.87133
6.1221
2.76586
-0.511869
-0.161712
0.0845936
3.76907
3.11603
3.19399
-0.481002
3.51343
1.44033
0.416773
5.746
-0.0734544
-1.56907
-2.66306
4.09709
3.81307
4.80864
1.9084
-1.11785
3.39575
0.846374
0.880583
5.58382
1.85793
0.919246
-2.13782
2.41561
0.468869
-4.20088
2.85377
4.21933
2.22264
4.64541
1.64123
-0.720334
-2.50156
-0.803684
4.7626
1.5182
1.64133
0.0242499
-4.33743
-6.48464
-2.00443
3.93389
3.73531
0.760122
1.57076
4.02532
3.11973
-3.95055
-1.84004
1.36917
1.40598
-0.243359
0.615115
2.86905
1.36837
3.88546
3.23642
1.91116
-0.22747
-0.739035
4.02735
2.1569
1.61021
1.8711
-3.02682
-1.08637
2.69348
-1.53432
-3.25296
-1.96221
-3.87218
0.331478
-0.599254
0.701992
1.76498
0.382956
5.86659
1.62123
-1.1994
3.54477
-1.36766
0.405635
6.44749
5.1571
-0.144881
-0.56393
-3.34614
-2.8933
0.445551
4.49671
1.68138
-2.88509
-1.29515
-4.47976
0.233024
6.11219
0.683563
-0.64399
5.00743
5.00234
4.97631
3.70458
-3.55166
-4.35237
1.1621
-2.95054
-1.01914
0.0289628
-0.00189787
1.59931
-4.26099
-5.05995
0.655275
-4.41756
-5.10691
-1.05189
-0.348402
1.72636
-1.80533
0.00817668
2.3713
-4.41992
-6.28778
-4.20041
-2.75367
-2.96916
-0.822399
-2.90359
-2.11753
-2.07633
-0.247084
-3.92906
-5.25099
-2.28813
-0.0327719
-3.756
-2.74141
-3.32453
-2.61662
-3.63903
0.185531
1.20671
0.320648
1.59679
0.454191
4.52554
-0.932938
2.48656
-0.389234
4.44808
4.81892
3.08486
-0.674059
2.71771
3.00075
1.39865
-2.90663
2.80727
-2.68986
-2.79413
-3.1956
-2.72153
-1.96208
-1.32929
0.0400799
0.570552
-0.948272
4.64455
2.60292
1.85751
-1.93038
2.66293
4.92751
0.28116
-4.00044
1.38122
-1.42438
-4.79329
-5.31864
-3.49368
-4.36159
-5.62224
-3.99084
-4.80209
-1.81462
2.25813
3.31302
-0.0688014
-1.68793
1.87006
0.841217
0.263927
-3.9209
2.9994
0.887947
-3.74446
-4.48821
-3.60978
1.10844
2.69464
1.20434
0.758645
-3.16619
1.47166
1.0479
-3.10125
-1.8096
1.53432
2.64461
3.23899
1.30105
4.92837
3.8275
-2.73325
-4.4547
-0.110495
4.53251
0.0789323
-0.366649
-2.35019
-3.75248
-0.0196695
4.1308
-2.36106
-2.27055
-2.83284
-4.03839
-2.85703
1.51842
2.24079
-2.45865
-3.47305
-2.64921
-1.18516
-1.97857
-0.24727
-0.504038
3.61643
4.04682
4.54788
3.11061
1.84034
-0.075369
2.28165
3.66485
1.34565
-5.0276
-5.04445
-0.895913
0.361362
-4.92662
-5.55759
-4.79708
-3.61883
-5.79939
-4.32693
2.16024
2.46995
2.85051
2.48029
1.44193
-0.760205
-2.31088
0.333324
-4.40398
-3.59587
1.31319
1.93484
-2.09216
-0.273779
-3.98957
-5.19384
-3.22418
3.47862
1.8652
-2.09704
2.1203
-1.75981
-1.30817
3.53661
4.28314
4.66327
3.35377
-0.226329
3.77677
3.27144
-2.39457
-0.283166
2.79002
-2.24335
-1.60115
3.19359
3.91716
4.85692
2.99685
-0.201694
1.92001
-2.13159
-3.45214
-0.688406
2.33307
-2.59106
-1.27013
3.38682
3.71084
3.25033
-1.39457
-2.77556
-2.80852
-3.74865
-3.52929
-1.76052
2.17739
-2.59404
-4.03027
-2.58671
2.42944
2.70014
-1.5831
1.27714
-2.72137
-3.96563
-4.2929
-4.97832
-5.10276
-2.63994
1.03944
-3.84533
-3.55185
2.24003
3.02007
1.54618
-2.49403
0.36121
-3.14085
-4.90607
-3.95386
-3.39231
1.09777
-2.61644
-4.72127
-4.85406
-2.73219
2.38028
2.83486
2.521
-2.84265
-3.74494
-3.55456
-4.05833
-1.65706
3.58917
3.54443
-2.11763
-3.40355
-2.29105
3.00971
2.56783
-1.43366
4.0278
4.27778
0.816563
3.26054
-1.12697
-2.8921
-1.659
3.27464
-1.14181
-3.19859
-1.64745
4.2539
4.26907
-1.97654
-3.29494
-1.51172
-1.618
-1.58207
-1.46754
-3.60772
-2.50041
1.6153
-1.97028
2.91127
2.9189
-0.545191
1.49939
-1.52558
1.96531
-1.8068
-5.46132
-3.6203
2.20437
2.68878
-1.89731
-4.1005
-1.04587
-3.2253
-0.0632467
1.4926
0.829932
1.63745
-2.46337
-1.83553
-2.46281
2.16354
0.205924
-3.73467
-4.52594
-3.7261
2.70304
4.11749
3.25394
-1.8683
0.602823
0.92808
-2.3082
2.8009
4.05075
1.38053
-3.33036
-3.77031
-1.44301
-3.16451
-3.50989
1.33349
5.02428
4.6408
4.79017
4.70774
0.141268
-2.26082
2.80178
-0.489175
-2.85805
2.14402
2.4376
-1.06584
4.06994
4.19641
0.446204
3.98658
4.96872
1.43883
-2.46764
2.17354
0.431939
-3.22861
-3.07465
3.42394
4.90296
2.37391
4.0063
4.49646
3.52585
-2.95778
-4.62294
-4.25898
-3.60399
3.16627
3.54624
-2.32643
0.728791
-1.31872
-2.45303
3.08439
1.6496
-4.40707
-1.69419
2.17266
-1.71746
-2.12987
2.68988
2.73076
-2.43355
-1.19043
-2.95445
-0.664796
-3.38565
-4.2877
-2.86241
1.19739
-1.63282
-0.0335753
2.77949
0.180773
1.38685
-2.81704
-1.60344
-1.07384
-3.58019
-3.02771
4.34802
4.18769
-2.0193
-2.49345
1.45016
3.39601
1.21998
-2.79605
0.845662
1.75092
-1.11799
3.72744
-0.385405
-0.00463223
-2.45944
-3.32074
-3.28292
-3.20451
-2.43138
0.831842
3.69597
-1.56163
1.47719
0.0082978
-2.31334
-0.866604
1.93984
-2.73825
-1.23744
1.95717
-3.88628
-4.08824
2.80595
4.51725
3.33183
1.27125
1.52807
0.310377
-3.76187
-4.86168
-3.67714
1.23007
-4.1203
-4.92706
0.774224
0.0598508
2.12617
1.20393
-3.79366
-4.39748
-3.95117
-5.24602
-4.1685
0.31803
3.23221
-2.70822
-3.98161
2.48273
-0.661721
-1.46581
3.37518
-0.017967
-2.64911
0.713001
-1.71264
1.97788
-0.0149317
-1.61976
-2.60528
2.8968
5.34621
2.11009
-2.33478
-0.799884
3.34511
-1.60044
-4.04162
-3.65969
-3.16436
2.79196
4.81701
3.41924
-1.45356
3.03062
4.75735
4.47994
1.99784
-3.01227
-1.80182
3.13969
4.07652
3.73289
3.53799
3.62375
2.75042
-3.28766
-3.8299
1.44657
-2.27567
2.51669
3.15079
-1.5175
1.03884
-3.32051
-2.4127
1.83715
-2.87431
-3.98211
2.30352
2.60853
-3.48797
-4.06899
1.36235
1.70308
-3.53852
-5.03388
-3.29391
0.383243
-2.12645
-0.108004
-2.00213
1.52995
-1.92762
1.10737
-2.75411
-4.6306
-4.42188
-2.91976
1.61308
-1.50231
1.98008
-0.898709
1.1628
-2.08284
-3.80198
-2.60879
3.37315
5.22976
3.28989
-1.21727
1.51921
-0.654763
3.22483
4.25089
4.69975
3.72306
-2.02585
-2.87096
-3.45703
-2.52782
2.14412
-1.27631
-3.39011
-2.35332
2.59355
3.51109
-1.92542
-2.71471
2.58275
3.98508
3.49693
3.05858
3.49534
2.35409
-1.93279
1.84079
-1.2871
1.8678
-2.37372
-3.38734
1.72809
-1.84352
2.21618
3.59888
1.96077
-2.29579
1.10892
-2.79371
-3.79589
1.92955
2.30642
-3.63265
-4.65499
-4.33741
-4.48488
-3.38977
1.64099
2.6841
-1.78605
1.05091
-1.18556
2.52847
2.55281
-2.25139
2.6087
2.9318
-2.06758
1.98413
2.97132
-1.02855
3.05414
3.79651
-2.05155
-3.62086
-2.26459
3.37975
4.82035
3.44961
-2.49871
-3.29658
-1.90225
2.37378
-1.25293
-2.49061
-2.95284
2.11465
4.97254
3.19502
-2.72276
-3.59824
-3.44734
-3.27616
-2.11697
-2.59688
-2.82422
2.75799
4.23681
2.94614
-3.0338
-2.56307
0.740411
-1.32056
2.28832
-2.06406
-2.18233
2.81839
4.0932
2.31611
-2.97401
1.49709
1.44744
-2.73198
2.29282
1.81652
-2.65363
1.42049
3.2613
2.86721
2.94699
2.03807
-3.06775
-4.53665
-3.26874
2.22133
3.45048
3.34849
2.26434
-2.40675
1.33098
2.67123
-3.35569
-4.37095
-2.61391
3.01313
2.98783
-1.64565
-3.97069
-4.00952
-2.62668
0.914636
-2.5538
-3.51699
-2.07089
1.32897
-0.930753
3.30045
3.47426
-2.32176
-3.45753
-3.18054
-2.99912
-3.04943
-3.10529
-1.8234
3.82904
3.28361
-1.38267
3.4909
3.34655
-0.00227565
2.25484
-0.94395
2.43559
2.05827
-1.40721
3.57232
4.98542
3.64676
-1.57361
-2.36061
1.09941
-2.88637
-1.88877
2.73336
3.32824
3.37669
2.67709
1.38851
-2.51645
2.09085
3.89552
2.11623
-1.4745
2.82672
1.53577
-2.13118
2.38893
3.67641
2.1942
2.15566
3.00942
2.85334
3.59023
2.25419
-3.52323
-4.8793
-4.65119
-2.92451
1.41118
-1.04454
1.10153
-1.90284
2.68136
3.09551
-3.26168
-3.34651
3.17978
3.85697
2.11241
-1.18325
1.41739
-2.50321
-2.83583
1.51438
-1.29152
1.87272
-1.9856
-3.4459
-3.55178
-2.09914
3.55688
3.03519
-2.62255
-2.24031
2.20338
-1.10884
-2.99357
-1.83257
2.99144
2.92425
-1.18113
2.05022
-0.563999
2.45845
3.76182
4.14854
4.84628
3.09445
-1.47321
3.44807
3.06814
-1.56083
2.25047
4.26563
2.07492
-1.64516
2.56012
3.04608
3.46398
1.84041
-3.34714
-4.27575
-4.51281
-4.38464
-3.94097
-3.35233
-3.88778
-3.25139
2.30686
2.47613
-3.49268
-3.4249
0.866658
-1.27912
0.830543
-1.68887
2.17686
2.6703
-1.90288
1.56183
-1.70956
2.16559
2.18979
-1.9975
1.50175
-3.15789
-2.90517
2.38762
3.07509
-1.98412
2.60279
2.96332
-2.52994
-2.10384
3.87551
2.4
-1.25257
1.52398
-1.7855
-3.19066
-1.83256
1.98805
-0.822745
1.5315
-0.951936
3.23916
3.75144
-2.39736
-3.72532
-3.45399
-3.25204
-1.84322
1.87384
-1.17671
3.28351
3.08643
-1.98515
2.82118
3.05515
-1.60795
2.36573
4.39646
2.66587
-2.34323
-3.58729
1.6261
3.86474
2.1687
-2.97329
-4.326
-3.69413
-5.11582
-3.3189
0.549411
-1.90854
2.27811
3.72008
2.09178
-3.40776
-3.32038
1.25116
-2.82283
-3.82976
-2.73292
2.05512
4.03195
3.52985
2.52503
-1.39568
2.56677
4.44691
4.20026
3.50019
2.54785
-2.58013
-3.23894
2.88158
4.33866
3.23542
3.58342
2.16549
-1.53841
2.92421
2.9164
-1.26589
1.76799
-2.72706
-2.06672
1.56668
-2.62777
-3.37789
-2.83179
-1.86459
3.82586
3.33861
-2.61035
-2.54466
3.08722
4.36588
4.23467
3.15801
-1.98075
-1.82013
2.51857
-1.24077
1.48432
-1.23153
2.08876
3.11754
-2.9344
-2.84045
1.95857
-2.38387
-2.27893
1.35596
-1.474
2.64769
1.25251
-2.33275
1.29681
-3.29432
-4.80522
-3.10975
2.64091
2.16247
-3.69272
-3.81151
2.18551
2.05589
-2.96751
-4.10076
-3.75342
-2.17291
1.04839
-1.34881
0.99042
-1.74618
1.172
-1.41378
3.03074
3.26179
-2.57419
-4.23839
-2.58183
1.5744
-1.02328
1.27311
-1.87644
1.95627
3.09434
-1.43473
3.33946
4.93518
3.89451
2.28179
-1.16095
1.86116
-2.30339
-2.76096
2.94386
4.66429
4.44226
2.66705
-1.82844
-3.08673
-2.36542
3.32458
2.45766
-1.53903
3.14316
2.86647
-2.44095
-2.11224
3.28646
4.11228
2.32241
-1.37138
2.22049
3.07958
2.11494
-1.67838
1.3149
-1.3783
2.47009
3.16064
4.11473
3.99607
3.50825
3.25109
3.7015
2.20215
-2.64823
2.46978
4.35216
2.29823
-1.50486
1.06993
-1.64963
1.2561
-2.59376
-4.39791
-4.194
-4.60433
-4.17008
-3.2627
-2.3637
1.79152
-1.79668
2.61567
4.48956
2.43326
-1.04188
2.34339
-0.756881
3.10694
4.03487
3.52908
-2.46499
-3.63404
-2.85756
-3.4589
-1.49335
2.34239
-2.38233
-3.813
-3.86572
-1.91234
3.25283
2.41784
-1.33012
3.27848
3.55289
3.60559
3.84967
3.22647
-2.35588
-3.04808
1.612
-2.83002
-4.06572
-3.83429
-2.01922
2.26534
-2.21348
-3.03735
1.79056
-2.44193
-4.52566
-4.04207
-2.92008
2.43157
2.75231
3.90221
2.52462
-3.08376
-3.89182
-4.51041
-3.72079
2.19904
1.80298
-3.49457
-3.60707
1.94688
2.11034
-3.09322
-3.15272
2.12921
1.96756
-1.80493
0.531115
-1.57096
1.14013
-0.893589
1.52232
-1.59914
1.50717
-1.43903
3.35851
3.71074
-1.40975
1.89377
-1.37003
1.32999
-0.89718
1.83104
-1.51422
3.2448
3.57657
-2.55072
-2.27374
2.35529
-0.451415
1.52268
-0.549494
1.7873
-2.42643
-2.26496
2.12353
-1.48729
2.75708
2.59814
-1.18602
1.72195
-1.41188
2.19716
2.58492
-3.13978
-3.24561
2.66924
2.59423
-2.4818
-2.23363
1.71438
-2.41719
-2.63799
1.1301
-1.33416
1.12644
-1.67716
0.0996854
-2.12714
2.50829
4.22763
2.34435
-3.83468
-3.42377
0.859704
-1.66763
0.658389
-1.77526
1.7535
3.75953
3.65757
2.5044
-1.98367
2.71275
3.08334
-1.62476
1.56293
-2.64531
-3.64783
-2.03475
3.23297
4.53265
3.58083
3.585
-2.13676
-1.86405
3.79389
4.64505
4.07116
3.13313
-2.04446
-1.75655
3.77289
3.08345
-0.693816
1.97023
-1.56038
-1.54694
3.18664
3.32837
-1.10238
1.79511
-0.857238
2.57389
2.81613
-2.86626
-2.42101
1.92408
-1.12036
2.86178
2.62366
-1.60519
3.29073
2.92605
-1.85697
0.783843
-3.39022
-2.65897
2.64502
2.51458
-3.61697
-3.81639
-2.35133
2.60443
2.27804
-3.30625
-3.64752
0.666534
-1.70444
0.607954
-2.92082
-4.31774
-3.28444
1.12336
-1.79849
0.886961
-3.23444
-3.11898
1.6721
-3.14117
-4.80669
-3.21918
-3.36595
-3.11565
0.756496
-3.15949
-3.27934
2.74366
3.30147
4.35902
2.28749
-1.60652
1.92186
4.2858
4.66627
2.28399
-1.75688
2.98891
3.22425
-2.7922
-3.09568
-3.5868
-3.29707
-2.14102
2.83203
4.80538
4.49733
3.12846
-0.961054
2.35172
3.0735
-1.29113
2.91646
3.50336
-2.05142
-2.19638
3.60832
4.06836
3.73451
2.72859
-2.03353
-3.42199
-2.47647
1.5545
-0.940996
1.63244
-3.31432
-3.06656
3.43584
3.34856
-3.07753
-3.98579
-3.84352
-2.28677
1.36408
-2.84271
-3.29418
1.52127
-1.80827
1.13235
-2.78914
-2.91485
2.92732
4.12457
3.90539
2.20799
-2.70625
-2.65757
1.60967
-3.10092
-2.36078
1.47687
-2.1599
-3.09731
2.2998
2.14734
-1.93564
2.2025
4.01796
2.68933
-2.24739
-4.11392
-2.04896
1.82547
-1.47036
2.29091
4.48021
3.48195
4.34617
3.33721
-2.16337
-3.95238
-4.00175
-2.64516
2.68946
3.54873
2.88712
-1.65932
2.77027
2.92354
-2.79926
-2.05835
3.53483
2.67836
-2.08562
-3.02897
-3.0008
-3.33125
-1.94468
1.17347
-1.73748
1.44567
-1.56076
1.00739
-3.06373
-3.1659
1.92743
-3.12092
-4.93157
-2.31357
0.978883
-2.20535
0.70061
-3.39796
-3.2518
2.19301
3.2505
3.69469
3.35491
3.4614
1.77403
-2.1981
2.6161
2.82102
-2.16277
1.92862
2.30232
-2.05541
0.884961
-2.82381
-3.55926
-3.73798
-2.71759
2.97048
3.69231
3.40999
-2.6388
-2.54481
2.77709
4.74188
2.70416
-2.40722
-2.15245
2.86778
4.77473
2.5629
-0.755144
2.32807
-1.57088
-3.95695
-1.6219
2.45212
-1.03061
2.75264
4.65174
4.04706
3.16978
-2.48215
-3.32862
-4.18669
-4.30032
-2.42188
2.85138
4.59129
2.85844
-2.83945
-2.49839
2.43575
2.72001
-1.48374
2.46286
2.39867
-2.68435
-3.90704
-2.85351
0.866637
-1.04346
0.955334
-3.13932
-4.2978
-3.28063
1.3071
-3.52244
-4.15755
-4.75199
-2.95502
1.46307
-2.8948
-4.51495
-4.61296
-4.2747
-4.39028
-3.86399
-3.04621
2.4293
3.5531
3.22107
3.66012
1.66992
-1.73412
0.981255
-1.92999
2.2325
1.84474
-3.24875
-2.86865
1.9443
-1.96617
-3.62571
-1.90873
1.85049
-2.83215
-2.15273
1.94789
-0.970628
3.09247
4.18352
3.97424
4.19589
4.4266
4.60455
3.61571
-2.40412
-1.90779
3.81647
4.95106
2.16856
-1.20523
1.37235
-0.566376
3.69496
2.68964
-1.6906
1.70491
-2.53575
-3.3382
-3.41814
-2.76749
1.87842
-2.24042
-3.52163
2.81086
2.2827
-3.40589
-3.739
-2.41635
2.22145
3.19766
3.1148
2.27282
-1.50752
0.687147
-1.82505
2.38149
3.08749
2.39096
-3.23917
-3.82888
2.04808
4.12371
1.6803
-1.86472
1.96959
3.21221
3.74581
2.0793
-1.81972
1.24341
-2.88481
-4.54055
-3.01759
-4.2146
-4.58575
-2.15652
3.42717
4.5765
2.81327
-2.73455
-3.31757
-1.92146
1.80751
-1.4249
2.36155
3.74407
-2.2713
-4.2918
-2.58643
2.72289
4.03614
3.68549
3.21611
-1.75845
-1.51857
2.50751
-2.11539
-2.87551
-1.58696
3.04244
3.66726
-2.16972
-2.85807
1.69294
-1.9442
-3.31438
-3.25812
-3.18705
-2.1626
1.82541
-1.61462
1.88566
-2.40434
-3.9075
-4.34516
-3.49651
1.91272
-2.04171
-4.63045
-2.88727
1.76908
-2.43948
-3.842
-3.21653
2.46682
3.92206
2.76529
4.0301
3.13206
2.8531
3.6045
3.72733
3.5705
2.17576
-3.48963
-3.25962
1.2058
-1.63826
0.654765
-1.31595
0.619459
-1.77881
2.59163
2.58924
-1.69228
2.83825
2.71996
-1.24327
1.20004
-1.74016
1.28256
-2.30762
-2.8161
3.53889
5.03461
3.63371
-2.43646
-1.70795
2.38634
-0.8236
3.53282
3.25348
-0.790687
3.73242
5.24575
2.98449
-0.38777
3.54746
2.8082
-2.93055
-2.23878
3.24741
3.90548
3.79686
3.89873
3.55686
3.69508
3.18165
-1.27135
1.7305
-1.54093
3.38206
3.11139
-1.79235
1.73869
-1.54634
2.24512
3.70801
2.93031
-1.83593
3.12198
2.155
-4.15967
-2.87611
1.43149
-2.87806
-4.13209
-4.09341
-4.02159
-4.28504
-2.58748
1.49207
-2.17384
2.22656
3.79609
2.85798
2.4226
-2.05156
0.885003
-2.76267
-4.30406
-2.44765
3.03775
4.33881
2.5504
-2.88611
-3.74457
-2.03183
3.24473
3.82133
3.82321
3.49641
-1.86969
-3.13765
-2.20057
3.42033
4.38392
2.94466
-2.63485
-2.35885
3.10516
3.58222
-1.43424
-2.85283
-1.8754
2.66365
3.99557
2.56361
-1.16787
