0
0
0
0.0944149
-0.128442
-0.606706
0.774033
4.38749
4.8194
4.41564
1.96384
2.53984
3.60004
3.77662
4.05952
3.38358
0.530222
-3.20893
-4.84829
-2.34135
1.93854
3.8391
1.46379
-1.78912
-2.9949
-1.69832
-0.55865
-1.58418
-3.49212
-4.7411
-3.97661
-1.97418
-0.894999
-1.71336
-3.44672
-3.82625
-2.70639
-2.30224
-3.07813
-4.47152
-3.68557
-0.281574
2.72824
3.57771
1.70642
-1.11547
-1.82301
0.0759291
3.20127
5.7291
6.10149
5.31833
4.08982
2.70004
2.01431
1.82944
0.797156
-1.20853
-3.08825
-3.06359
-1.55499
-0.93725
-1.71839
-2.45208
-0.293192
3.1868
5.1423
3.96874
1.24648
-1.26742
-1.54831
0.593276
2.8061
3.30574
1.27348
-1.37033
-2.09795
-1.00123
1.33339
2.50378
0.996078
-1.29755
-2.03884
-1.37106
-0.3471
-0.390832
-1.11014
-1.2319
0.103421
2.3636
4.1561
4.53755
4.46307
4.13959
1.74631
-1.23423
-1.63814
0.963443
2.96559
1.793
0.61174
1.39028
2.89884
2.39338
-0.478417
-2.86074
-4.02278
-4.54528
-3.61376
-1.30793
1.72319
3.78622
3.62422
3.20778
3.34208
3.49968
2.23631
0.220385
-0.629008
0.586728
3.12021
3.83271
1.10073
-2.22249
-2.74883
-0.270916
1.56441
-0.499161
-2.96281
-2.79971
-0.399014
1.05629
-0.548387
-2.90674
-4.29587
-4.79027
-4.86867
-5.16561
-4.69027
-3.38518
-1.4195
0.896993
3.07697
4.17857
2.68559
-0.796674
-2.63636
-1.35758
1.97319
3.78921
2.23652
-0.204128
-0.931359
0.588499
3.33234
4.48873
2.70802
-0.4646
-3.3357
-4.50671
-2.94371
0.169165
2.05709
1.44245
-0.818668
-2.2433
-2.32135
-2.05441
-0.707529
1.81206
4.32263
5.54199
5.30015
4.47794
2.05685
-0.391737
-0.526186
1.70982
3.67311
2.67287
-0.0581594
-2.0167
-2.59027
-2.66827
-2.5679
-2.4531
-2.43848
-2.58244
-1.60776
0.344324
2.93953
5.08276
5.90672
5.94154
5.45389
5.12736
3.80135
1.6392
-0.774101
-1.90906
-2.16742
-2.81011
-1.88992
0.676866
2.37457
1.49687
-1.40861
-2.91297
-1.40976
1.47528
4.05561
4.77036
2.50741
-0.78367
-3.2353
-3.67671
-1.65025
0.890998
3.008
4.07467
4.15703
4.00007
3.78319
3.66922
3.76025
3.64942
2.05116
-0.548773
-1.36247
0.194608
0.684831
-1.12673
-2.14915
-0.417171
0.778627
-0.91535
-2.45868
-0.62409
2.65867
4.20016
1.95959
-1.41678
-2.59329
-0.893099
1.93971
3.39599
3.35706
3.08529
1.09094
-1.94898
-2.75106
-0.859993
0.198845
-1.12838
-2.51286
-1.17614
1.44962
2.33975
0.446859
-2.22372
-4.29267
-5.40518
-5.28091
-5.35245
-4.90246
-4.3998
-3.81916
-3.74084
-4.10841
-4.25041
-2.67803
0.051698
0.838493
-0.973136
-3.95108
-5.27755
-3.41758
-0.439518
1.09433
0.335239
-2.47075
-4.31903
-3.01787
-0.420996
0.78395
-0.561523
-1.68648
0.0687045
2.97966
4.3893
4.12043
3.93281
4.54708
4.96947
3.33676
0.27726
-2.27351
-2.85842
-2.53328
-3.04637
-2.16488
0.736216
4.02869
5.57242
4.1488
1.65409
-0.767526
-2.54155
-3.14414
-3.03936
-1.55451
1.03666
3.57348
4.61499
3.29861
0.790364
-1.79631
-3.21111
-3.1924
-2.14971
0.155451
2.57383
3.08688
1.55654
0.439163
1.67691
4.23604
5.64133
5.49649
4.82522
2.59821
-0.136479
-0.448873
1.603
2.88485
1.11045
-2.18556
-3.61662
-2.91678
-1.87751
-1.68367
-2.67161
-2.51127
-0.0948198
3.00828
4.76351
4.84003
4.44603
3.98567
3.87343
4.05383
4.40037
3.32611
1.06617
-1.41238
-3.48351
-4.78776
-5.20913
-3.08852
0.150244
2.66279
2.63949
0.33883
-2.28525
-4.70069
-5.75792
-3.71595
-0.276735
1.59552
0.203802
-2.69094
-3.87389
-2.40642
0.155112
2.30793
3.01394
2.99361
2.54672
0.400554
-2.77354
-4.48628
-3.3812
-2.24029
-3.14562
-3.75999
-1.61369
1.54791
3.24646
3.35966
3.00904
0.849268
-2.08702
-2.70056
-0.466728
1.85085
1.76919
0.750075
1.11461
2.32852
3.22884
2.17327
-0.627685
-2.59383
-2.28685
0.0310271
2.27866
3.37245
3.83356
3.09071
1.73569
1.14376
1.97311
3.3632
4.26758
4.77365
4.62126
2.41447
-0.713209
-3.09045
-3.92032
-3.81282
-3.94892
-3.45813
-3.26305
-3.62924
-4.08422
-2.61567
-0.216286
0.395273
-0.68802
-0.272109
1.69849
2.27559
0.0679245
-2.40807
-2.16464
0.346833
2.3852
3.70076
4.70666
3.7039
1.2373
-0.808955
-0.636154
1.74108
3.31069
3.49432
3.23317
1.6927
-0.680951
-1.71337
0.290592
3.67306
5.97248
4.9117
1.73556
-0.17005
-0.0111488
0.435689
-0.173853
-1.28866
-1.02796
-0.0646824
0.112526
-0.308552
-1.40767
-2.75477
-3.43916
-2.60935
-1.15052
-0.652277
-1.73749
-1.82693
0.38672
3.9556
5.61821
3.19464
-0.120355
-2.13879
-2.79095
-3.22726
-4.00593
-2.97655
-0.884708
-0.391223
-1.79426
-2.67028
-1.54865
-0.763294
-1.55576
-2.81822
-2.41057
0.113875
1.79075
0.747889
-1.47314
-1.79669
0.250666
2.04259
1.7899
0.6298
0.205155
0.4294
1.62224
1.91933
-0.144109
-2.50053
-3.11111
-0.915405
1.63466
1.68558
-0.718046
-4.22973
-6.69608
-5.52332
-1.85929
1.6111
3.5135
3.53067
3.11672
2.22958
0.343917
-1.63687
-2.80087
-2.87842
-2.51055
-2.71152
-3.68777
-3.76282
-2.69313
-2.20264
-3.55321
-4.52444
-2.16735
0.520091
-0.0259412
-3.11041
-5.63497
-6.15469
-5.35932
-2.82626
0.0114223
1.84214
2.34741
1.84908
1.04386
-0.822803
-2.89594
-4.31085
-5.161
-4.26705
-2.22341
-1.26057
-2.1522
-3.86563
-4.57458
-4.43892
-3.92968
-2.98027
-1.46218
1.19255
2.95789
2.1606
-0.788752
-2.50213
-0.143496
3.7686
5.87388
4.70189
2.74329
2.00081
3.15731
4.88387
5.55582
4.79684
3.19249
0.812115
-0.836737
-1.37863
-1.78567
-2.56568
-3.11787
-0.895947
2.40515
4.11744
3.73022
2.97714
2.74942
1.19448
-0.634429
-0.0273057
2.68878
4.70092
3.78109
1.41338
-0.769074
-1.40359
-0.793719
0.932704
3.17364
4.88635
5.22577
2.78424
-0.952415
-3.77845
-4.36449
-3.76863
-3.70844
-4.1362
-3.91315
-1.60634
1.65375
4.49843
5.56656
4.32388
0.942736
-1.60912
-1.06335
2.03943
4.53323
4.81603
4.4533
3.69696
2.09755
-0.123956
-2.57052
-3.6048
-3.03295
-1.04944
1.46411
2.12356
1.37758
0.709042
1.15741
2.66779
3.5385
3.49102
3.45613
3.50654
3.66637
4.10234
3.49967
0.602452
-3.30651
-5.10381
-2.69273
0.0593391
-0.497733
-2.57274
-2.27436
0.680513
3.38899
3.75239
2.69803
1.51412
1.3134
0.8952
-0.845515
-2.90963
-3.67364
-1.83882
0.803443
2.71456
3.17357
0.558427
-3.30216
-5.15411
-2.79328
1.06246
3.85119
4.59209
3.59393
0.918086
-2.54885
-5.0969
-5.04143
-3.08569
-1.1091
-0.493089
-1.81936
-3.6159
-4.76888
-4.88914
-4.86633
-4.93262
-4.22949
-2.82289
-2.46577
-3.34667
-3.74098
-2.88474
-2.47376
-2.33285
-0.514374
3.12192
5.16843
2.23582
-1.11147
-0.863556
1.59297
1.70766
-1.26323
-3.33902
-2.15985
-1.13364
-2.06946
-2.79141
-0.361305
2.4082
2.19708
-0.935724
-2.97097
-0.501511
2.41403
2.37835
0.397931
-1.31572
-1.64704
-1.11902
-0.641777
-0.570535
-1.46894
-2.27255
-0.143406
2.63618
3.6196
3.31354
3.71319
5.3818
5.27062
2.30056
-0.394459
-1.44153
-1.56039
-2.34701
-3.01804
-0.893411
2.68872
5.39602
5.82667
4.55777
2.94478
2.75255
2.89236
1.61439
-1.40132
-4.38552
-5.16517
-3.99253
-2.36273
-1.81328
-1.83674
-2.06992
-2.21821
-3.07881
-4.70382
-4.56263
-2.8241
-2.25218
-2.79415
-3.3144
-2.19341
0.459059
1.9089
1.91788
0.217879
-2.53118
-3.94648
-3.75433
-2.32767
-1.11502
-0.966613
-1.11716
-1.05053
-1.08238
-1.16274
-1.06163
-0.717513
-0.839204
-2.59621
-3.79219
-2.31348
-0.082997
-0.500915
-2.60791
-2.3389
-0.244033
-0.343643
-3.60564
-6.61534
-6.20927
-2.77357
-0.0733274
-0.493062
-2.47171
-2.41759
-0.142962
1.02816
-0.208906
-1.29679
-1.41954
-2.44074
-3.39322
-2.11759
-0.0175903
0.119501
-2.64811
-5.53065
-5.31141
-2.32598
1.30061
4.20628
3.9908
0.700319
-2.29363
-3.16537
-1.64335
-0.184873
-0.108374
-0.253933
-0.309794
-0.48304
-0.238835
1.25095
3.44781
5.31474
5.02131
1.87928
-0.868775
-0.568404
1.63608
1.67484
-1.40388
-3.73113
-2.43008
0.27583
1.29308
-0.37755
-1.71415
-0.388445
1.96285
3.44415
3.6368
3.14044
2.88841
2.81667
3.64485
5.46946
5.42871
2.32131
-1.41401
-3.39713
-2.32999
0.0365157
2.60272
3.64446
3.00465
1.41697
0.479063
0.327
-0.745367
-1.87375
-1.62969
-0.0332521
1.20572
1.5299
1.14514
-0.208132
-1.59454
-1.67708
-0.488482
0.428146
0.536985
1.7421
2.9284
1.90333
-1.14338
-3.81647
-4.5637
-4.41387
-3.68427
-1.05493
2.53374
5.28557
5.36995
3.66605
1.56255
-0.982966
-2.65858
-2.77121
-1.63742
-0.349526
-0.156449
-0.731257
-2.146
-3.96214
-5.31589
-5.71315
-5.72823
-6.01865
-5.20982
-2.1463
0.705774
1.86446
1.8808
2.52983
3.12245
0.682986
-2.69666
-4.20176
-2.69044
0.329006
2.71178
3.19222
0.644398
-2.20679
-3.37001
-3.40909
-3.91114
-5.56929
-6.48316
-5.48628
-2.51337
0.920831
2.56032
1.7669
1.14053
0.741031
0.366276
0.279482
0.988085
2.76028
3.70771
2.53175
-0.433191
-2.91281
-3.4309
-1.49781
1.03746
1.66773
1.1026
0.809402
1.70111
3.62616
4.03818
2.46352
0.901857
0.167844
0.0962483
0.594036
1.69114
2.55001
2.20449
0.519834
-1.77377
-3.61593
-4.05075
-1.55792
1.64813
3.115
2.22176
0.916288
0.494499
0.896026
2.20934
2.88292
2.29281
1.71286
2.62208
5.03765
5.57017
2.90326
-0.293387
-1.80332
-0.793143
0.198081
-0.913515
-1.97153
-1.29465
0.784723
1.97145
0.653327
-1.68365
-3.46182
-3.56496
-1.9402
-0.28237
0.245407
0.109512
1.24844
3.50072
4.72998
3.46002
0.844509
-1.71557
-3.35785
-3.53666
-0.990961
2.65583
4.20758
1.91242
-0.846977
-1.48436
0.52869
3.14827
3.96477
3.17449
1.17557
-1.14365
-2.68582
-3.26483
-2.52871
-1.03608
-0.00132453
0.0247571
-0.313311
-0.541076
-0.954717
-2.24493
-2.57117
-0.51738
3.08783
5.13135
2.59571
-0.805798
-1.12863
1.15855
3.08743
2.18157
-0.626514
-2.80888
-3.07854
-1.75973
-1.32591
-2.01571
-1.55678
1.05156
4.17371
5.04396
3.2993
-0.273485
-2.65849
-1.8221
1.4899
3.68991
2.95632
1.12743
-1.20992
-3.62151
-5.83115
-6.12929
-3.22259
0.822156
2.68801
0.290687
-3.5573
-5.94021
-5.2505
-3.03524
-1.06854
-0.134689
0.172521
1.07644
2.46661
3.43275
3.87474
3.74425
2.42326
0.472636
-0.175736
0.500704
1.59799
2.34016
3.1209
3.60846
1.2554
-2.55318
-4.20751
-2.02083
1.72394
4.24125
3.36715
0.182215
-2.21919
-2.38747
-0.251654
2.27789
3.68949
4.59368
4.89256
4.82957
4.94751
4.58361
3.18241
1.46407
0.824576
2.05883
4.17675
4.75899
2.17003
-1.08624
-2.77316
-3.10828
-3.28251
-3.59355
-2.85199
-2.13412
-1.32822
-0.577424
-0.340927
-1.41629
-2.05354
0.178516
2.3568
1.49189
-0.673981
-1.16793
1.14325
3.74092
3.98891
1.95176
-1.17847
-2.80677
-0.584821
2.24899
3.66011
3.21778
2.62655
2.43411
0.95076
-1.39739
-2.21256
-1.03206
-0.0718824
-1.02008
-3.34165
-3.92097
-1.41089
2.34909
3.80417
1.37934
-0.897324
0.2141
2.50688
2.74472
0.533028
-0.862035
-1.04389
-1.89534
-3.74241
-4.45438
-2.05539
1.23222
3.48053
3.00237
0.416724
-1.47126
-2.43531
-2.94786
-2.25248
-1.39531
-0.88388
-1.75056
-3.88104
-5.04521
-5.1114
-4.85599
-3.92755
-2.14326
0.288309
2.59794
2.66122
1.30738
0.88219
1.45044
0.917823
-1.84184
-4.02357
-2.89104
-0.519487
0.578012
0.652556
1.36625
2.56313
2.85755
2.11225
1.76393
1.14825
0.268945
-0.180276
0.201519
1.19488
1.93617
1.00762
-1.08505
-3.02178
-3.18499
-0.980963
1.41458
2.57413
3.02893
1.83793
-0.184102
-0.593655
0.451213
1.4657
0.905685
0.0997031
0.740879
2.2628
3.29436
2.19301
-0.869652
-4.09481
-5.86161
-5.92797
-5.12978
-4.13107
-3.79241
-4.09891
-5.04115
-5.08074
-4.69609
-4.58571
-4.34779
-3.81101
-3.70928
-2.74464
-0.38293
3.11144
4.95621
2.53441
-0.821557
-3.02433
-3.60965
-2.28151
-0.990167
-0.692861
-1.92395
-2.88365
-1.80939
-0.844951
-1.85001
-2.91761
-1.85687
1.01419
3.67265
3.8713
1.43557
-0.597294
0.2021
1.94482
1.25668
-0.922086
-1.21567
1.06157
2.40435
0.57848
-1.42866
-0.469301
1.98751
2.40496
-0.0809696
-2.3584
-1.81229
0.728722
3.14798
5.26858
5.59498
2.88123
-0.127298
-0.545013
2.07206
5.28928
6.26186
4.94901
2.66278
0.336493
-0.50983
1.07833
3.11804
4.06433
3.25447
0.784358
-1.45035
-2.04317
-0.883606
-0.202803
-1.32748
-3.29452
-4.18666
-4.24309
-4.41594
-3.31203
-0.00499243
2.15409
1.07349
-1.21243
-1.932
-1.75308
-1.98383
-1.57795
1.08382
4.18225
4.2182
1.11097
-1.92879
-3.5657
-4.00951
-4.38924
-5.04623
-4.21151
-2.77205
-2.13542
-2.04943
-0.787811
1.70246
2.53185
-0.0782367
-2.62236
-1.9118
1.55752
3.48064
1.00934
-2.94864
-4.58415
-2.27484
1.53047
3.2024
0.717592
-2.98464
-4.82008
-3.52523
-0.889069
1.28418
2.43168
2.91342
2.18828
0.587904
-1.28635
-3.14339
-3.66492
-2.83714
-0.952008
1.29886
2.80483
3.72454
3.09243
1.05114
-0.9958
-2.05026
-2.0183
-1.53063
-1.46685
-2.42064
-4.03146
-5.15059
-3.95577
-1.57395
-1.0875
-1.95091
-1.38913
0.778535
2.74674
3.19296
3.58185
4.96549
4.43766
1.21745
-2.57296
-4.20955
-1.61999
2.36074
4.15343
2.02602
-1.50561
-3.80992
-4.41979
-4.22418
-3.24704
-1.35206
0.982387
3.16045
4.54589
5.46293
5.99179
5.3597
2.541
-1.19325
-3.24151
-1.90522
0.923047
3.32012
4.81579
5.17337
4.26883
2.67155
2.07587
3.11013
4.01306
3.55635
1.50806
-1.16195
-1.80818
0.200975
3.6236
5.82321
4.87395
2.9938
1.9257
1.958
2.41197
2.15032
0.460867
-1.9229
-2.81082
-0.41417
3.35732
5.28126
2.75644
-0.593234
-0.994446
1.72027
3.51831
1.20133
-2.67726
-4.87731
-3.7694
-1.65842
-1.19442
-1.87009
-2.73453
-3.18982
-3.67986
-4.79817
-5.45837
-5.53894
-4.44228
-1.40602
2.22649
4.72212
3.85615
0.169579
-3.73377
-5.37686
-2.91605
0.916235
3.66328
4.31915
3.8895
3.73262
3.80641
4.00574
3.24748
1.33333
-1.20402
-2.48548
-1.05911
0.68646
-0.201081
-2.2708
-2.11918
0.695067
2.44039
1.0224
-0.262523
0.696325
2.78873
3.1322
0.377655
-2.37645
-3.80702
-4.33347
-3.7562
-1.88979
0.343834
0.936184
-1.1469
-2.51471
-0.902433
1.66626
2.47446
1.13836
0.36718
0.858255
1.67837
1.04419
-1.28521
-3.48828
-3.88646
-1.36627
1.15418
0.681928
-2.17623
-4.58752
-4.99631
-4.93739
-3.90797
-0.794638
3.07207
5.03774
2.76317
-1.19683
-4.50567
-4.6573
-1.58588
2.31203
5.31014
6.11247
5.03093
3.13716
0.956792
-0.378877
-0.536373
-0.180898
-0.148701
-0.00396098
1.36625
3.43556
4.20166
3.25432
2.93746
3.22525
2.02294
-0.125561
-0.209125
2.81518
4.71736
2.21018
-0.626795
-0.0873357
3.5326
5.76494
3.5339
0.45424
-1.14395
-1.43728
-2.20945
-2.80145
-0.449332
3.3408
5.12545
4.13142
3.44416
4.39995
4.96304
2.62142
-0.0706877
-1.15741
0.446643
2.94281
3.47693
1.47791
-0.521672
0.317304
3.51384
5.53217
4.19232
2.19088
1.32147
1.09919
-0.293331
-1.90937
-1.22718
1.64343
3.52265
1.35665
-2.52853
-4.23141
-1.84861
2.01184
4.72512
4.52823
2.88837
2.23047
3.01897
4.41935
4.16817
2.15077
0.0604525
-0.707503
-0.939842
-2.12369
-2.91165
-1.40534
1.94701
4.52609
3.92856
1.80164
1.17539
1.4872
1.69171
0.406576
-2.06746
-3.98916
-5.49504
-6.3475
-5.57045
-2.68245
0.867921
3.58352
4.27231
3.85028
2.70477
1.0531
0.425238
1.28602
2.89795
3.8337
4.17179
3.3981
0.615044
-3.23332
-4.90436
-2.46535
0.352825
1.31646
1.25266
1.31283
1.34549
0.0768597
-0.966139
0.225075
2.22985
2.93821
2.02141
1.40458
2.0653
3.55097
4.39995
3.54358
2.09864
1.83896
1.74037
0.261018
-1.59979
-1.19794
1.98843
3.98718
3.06857
2.28313
1.82299
1.60401
1.76114
1.84393
0.692891
-2.37812
-4.17959
-1.7509
1.49628
2.68381
1.24058
-1.15568
-2.91287
-3.34668
-2.38119
-1.91374
-2.84055
-3.81549
-2.68259
-0.115877
1.15454
-0.177115
-1.44372
0.156751
2.50668
2.22031
0.0349205
-0.0219897
3.20212
5.64758
4.80097
2.3005
-0.531087
-1.33438
0.72584
3.20214
2.79913
-0.585869
-2.68392
-0.309847
3.42139
5.98697
6.71424
5.65434
2.79176
0.285525
-0.736482
-0.591927
-1.20102
-2.93629
-3.81915
-3.13156
-1.66997
0.0116155
2.06984
3.95714
4.67921
2.52156
-0.924395
-2.83761
-2.02796
-1.30974
-2.24351
-4.10361
-3.80456
-0.665598
3.09643
5.66385
5.18154
1.73398
-1.13674
-1.09076
1.78258
4.59198
5.27711
5.04986
4.9123
4.87148
5.00049
4.10073
1.24073
-2.57789
-5.46564
-4.98526
-1.4952
0.926746
0.0699392
-2.39119
-3.25424
-1.52092
0.00350618
0.103928
-0.246385
-0.241693
1.00467
1.61708
0.0341674
-3.28617
-6.25717
-5.69282
-2.29895
0.268886
-0.300429
-3.46344
-6.09637
-5.56082
-3.28857
-1.3723
-0.777853
-0.576616
0.593096
1.60639
0.91804
-1.17684
-2.34782
-0.750704
1.80975
2.60263
0.169713
-3.4438
-5.91457
-6.25974
-5.83335
-4.71758
-3.08513
-2.70223
-3.07536
-3.19424
-1.91855
-0.752438
-1.8328
-2.83807
-2.56963
-2.17292
-2.14579
-2.25933
-1.18151
-0.228908
-1.41104
-3.39466
-4.88533
-5.26041
-4.47269
-2.83247
-0.896594
0.0292294
-1.31631
-3.30477
-3.97107
-3.02716
-2.48272
-3.09121
-3.5226
-2.83628
-2.49844
-3.21582
-3.58424
-0.858469
2.09476
1.82812
-0.325629
-0.23002
1.96099
2.15924
-0.0322646
-0.154801
2.94892
4.78591
2.09744
-0.648563
0.06485
2.20622
1.81415
-0.0674694
0.51922
3.61
5.52713
4.92303
4.45771
3.62588
1.2839
-0.527102
0.326725
2.35484
2.98372
2.85669
3.11376
2.18089
-1.07535
-3.06838
-0.531387
2.40578
1.64735
-1.81479
-3.93784
-3.0752
-2.45929
-2.97745
-3.43014
-2.79612
-2.57561
-2.16105
-1.43949
-1.23966
-1.35651
-0.477016
1.19528
1.04983
-0.986678
-1.32043
1.41843
4.30285
4.15153
2.74378
2.53231
2.16272
0.301112
-1.62883
-1.07044
1.90451
4.32114
4.84195
3.98002
1.29323
-2.41691
-4.13532
-1.89094
0.816702
1.35174
-0.780051
-3.21224
-4.4934
-5.23014
-5.37171
-4.72971
-3.71287
-3.46399
-4.07389
-5.1143
-5.61341
-5.13285
-4.22953
-3.87988
-4.41377
-4.82081
-2.67215
0.229227
2.00537
2.4634
2.92506
3.33371
0.917621
-1.99915
-2.20615
0.308638
1.94516
0.927767
0.583878
1.46392
0.896201
-1.93088
-3.88716
-1.83619
2.00575
3.79962
1.64745
-1.35293
-3.43091
-4.05229
-4.29955
-4.66288
-3.89178
-2.13781
0.367679
2.54982
2.95635
1.62457
1.07779
1.59534
1.13683
-0.86691
-2.87799
-2.21533
0.677915
2.60312
1.57283
-0.863054
-2.7818
-3.0752
-2.0626
-0.686419
1.15805
2.20562
2.44812
3.22413
3.40757
2.31795
1.40506
2.14048
4.31048
5.57569
4.386
1.29483
-2.02007
-3.96374
-4.37037
-3.59803
-1.04746
2.53026
4.4765
3.02848
0.555262
-0.455236
-0.344208
-0.916145
-2.04974
-3.07266
-3.55803
-3.29787
-0.927945
2.55703
4.17797
1.92045
-1.63996
-3.32384
-2.47854
-2.05807
-2.59736
-3.6224
-4.00848
-3.70783
-2.97405
-1.74739
0.821178
2.98231
2.57605
0.315848
-2.08659
-3.07694
-3.31558
-3.70941
-2.95714
-1.51094
-1.02026
-2.11401
-2.19015
-0.838277
-0.155978
-0.870689
-0.714323
1.17923
3.34529
4.00932
3.96239
4.48749
4.61742
3.87687
3.10453
3.07416
2.14812
0.703215
-0.0203435
0.571022
2.02644
2.92984
3.41273
3.78886
1.88588
-1.46998
-4.56826
-5.68752
-5.12592
-3.90624
-1.43068
0.703525
0.563028
-1.81719
-4.61765
-5.64855
-5.55001
-5.42691
-4.91865
-4.08961
-3.62004
-4.33851
-5.53977
-6.24085
-4.6702
-1.3695
1.79136
3.0717
2.54409
2.3704
2.75379
3.11536
2.60278
1.72311
1.39897
1.20166
-0.380386
-2.66708
-2.54937
-0.469142
0.36039
-1.44196
-4.12986
-5.02616
-3.737
-1.754
0.968866
3.06668
2.20622
-0.462805
-2.04641
-1.35959
-0.310103
-1.43491
-3.76853
-4.99938
-5.13199
-4.99479
-3.47482
-0.155664
3.13168
4.5232
2.21237
-1.06592
-2.14539
-0.039138
2.00617
1.25073
-1.54314
-2.87153
-1.48868
1.04914
3.37885
4.41958
4.30042
4.2753
4.58454
4.98204
3.52111
1.00145
-0.181374
0.90155
3.56064
5.03809
3.44334
0.450026
-2.27091
-2.7523
-0.444921
2.25711
2.79983
0.86105
-2.16401
-3.30461
-1.69472
0.95999
3.14366
3.93856
3.91357
4.28583
4.81851
4.83821
3.06916
0.642418
-0.212095
1.0709
1.91241
0.556134
-2.07962
-3.5412
-3.44621
-2.82456
-0.734726
1.99776
2.33875
0.241331
-2.61158
-3.32899
-1.26258
1.49851
3.38859
3.97309
3.70765
4.04468
3.25358
1.12035
-1.435
-2.76826
-2.77399
-2.63845
-2.81133
-3.32857
-3.74932
-3.72762
-3.52502
-3.31043
-1.73402
1.0757
2.15417
0.365309
-2.69117
-4.15972
-4.00736
-3.81315
-2.52797
-0.229096
2.51633
4.10002
2.63999
-0.308088
-1.54524
-0.0157369
1.27489
-0.00572455
-2.8512
-4.09277
-3.94524
-3.91619
-4.311
-4.71316
-4.98293
-5.16109
-5.09037
-4.73746
-2.50053
0.352939
0.965103
-1.00581
-4.00488
-5.29906
-3.34702
-0.219384
2.34156
3.27769
2.97876
2.9764
1.41667
-1.2668
-2.43982
-0.958763
0.366848
-0.787886
-3.31056
-4.89935
-4.84479
-4.16754
-3.97429
-4.35082
-3.24002
-0.511054
1.08412
-0.0248444
-2.86689
-4.4918
-4.69256
-4.83686
-4.83619
-4.43566
-2.51074
0.348891
2.457
3.02372
2.81215
3.21576
2.3692
-0.247194
-3.03119
-4.15992
-3.65164
-3.29335
-3.6015
-3.99729
-4.02521
-3.36082
-1.42258
1.15921
3.76005
4.97603
3.25229
0.224291
-2.28784
-3.34834
-3.35811
-3.39521
-2.03556
0.589393
3.1895
4.10981
2.25268
-0.600587
-1.26339
1.05192
4.33252
5.76334
3.91368
1.47824
0.938079
2.38517
3.19334
1.33653
-1.38128
-2.76937
-2.83882
-2.88505
-1.39324
1.69009
3.2143
1.58586
-1.47458
-3.03703
-3.13206
-2.91456
-1.42121
1.46004
4.49782
5.64345
3.94283
0.896171
-2.26021
-3.6052
-3.14165
-2.14114
-1.48418
-1.45019
-1.64448
-1.69327
-1.55264
-1.34487
-1.55011
-2.46098
-3.73577
-4.25244
-2.04173
1.05357
1.34628
-0.857552
-1.84935
0.225691
3.29713
4.31166
2.47473
0.185645
-0.40023
1.00706
1.36101
-0.441746
-1.44993
0.299143
2.03117
0.688275
-2.28195
-4.49218
-5.46072
-5.4355
-3.12182
-0.0196908
2.44203
3.45301
2.34276
0.393272
-2.3194
-4.42213
-3.80369
-1.90128
-1.11497
-2.17345
-3.23663
-2.04013
0.253048
1.56585
1.34583
0.810717
0.940276
1.84688
1.37312
-0.87015
-2.5699
-2.30983
-1.82353
-2.53383
-2.24318
-0.0175057
2.39261
2.23158
-0.338536
-2.64212
-3.79567
-4.28088
-4.56633
-4.94357
-3.17844
0.148698
3.04387
4.00288
4.07184
4.1921
2.81898
-0.0314471
-1.95234
-1.3245
1.05728
2.19371
0.438258
-1.90001
-2.01693
0.197117
3.27296
4.37177
3.81824
2.81193
0.94632
-1.44988
-3.60561
-4.43116
-3.43536
-2.1025
-1.47963
-2.16099
-3.39851
-4.07349
-3.09
-0.802605
1.81481
3.92673
5.07701
5.14594
4.50974
4.33852
4.95322
5.45837
4.30052
2.08801
-0.255673
-2.2843
-1.82658
0.834553
2.94039
2.05078
-1.20885
-3.2892
-2.38956
-0.0138772
2.47141
3.62496
1.94948
-0.511682
-0.790945
1.42833
4.53273
5.40985
3.69399
1.34361
0.584915
1.98755
4.36776
5.3472
4.70105
3.39245
0.88361
-1.65089
-2.19153
0.185116
2.4033
2.17692
-0.187178
-2.36042
-3.27514
-3.77316
-2.53592
0.676224
3.929
5.48666
4.48441
2.97842
2.45048
3.2394
4.13781
4.48289
4.46188
4.40804
3.05116
-0.084368
-3.47784
-4.9973
-4.36384
-3.92014
-4.41946
-4.86879
-2.96291
0.455933
3.59855
4.64352
2.89183
-0.570285
-2.29123
-1.02617
1.01119
0.77041
-1.90879
-3.38048
-1.93723
0.808318
3.35177
3.72626
0.926311
-2.51501
-4.46068
-3.76456
-1.03751
1.35079
1.97852
0.333931
-2.16523
-3.15133
-1.56245
0.907168
2.96221
3.71051
2.1213
-0.919734
-2.46248
-1.96111
-1.13768
-2.07945
-2.9616
-1.79882
-0.591811
-1.52396
-3.84142
-4.68704
-4.06701
-3.64052
-2.45166
-0.120312
1.18173
-0.0196587
-1.94731
-1.94226
0.679775
2.87373
2.36638
0.724184
0.314628
1.29018
1.09144
-1.08671
-3.02835
-2.65853
-1.30581
-0.876857
-1.2886
-2.39568
-3.83696
-4.40329
-2.21867
1.35957
4.92365
5.88392
3.31162
0.0284191
-2.34716
-3.08777
-2.03027
-0.305075
1.9444
3.2745
3.21191
2.49102
0.704604
-1.61604
-2.71124
-1.23311
1.43352
2.75666
1.10912
-1.02117
-0.606465
2.11812
3.65261
1.5125
-0.701182
-0.651151
0.083524
-0.784604
-2.92194
-3.72496
-3.11662
-3.04678
-3.37898
-3.52617
-3.06664
-2.85642
-2.17921
-0.918784
1.49375
3.72101
3.15238
0.249686
-1.62236
-0.364985
1.84616
1.74877
-0.582328
-2.03873
-2.21285
-1.98504
-0.399531
1.63934
1.57207
-0.646703
-3.10122
-3.07588
-0.474447
1.74894
1.47854
-1.17921
-4.53852
-5.50651
-3.1971
0.349009
3.31368
4.46943
4.35214
3.95694
3.0526
1.9283
1.19125
1.17552
1.62085
1.43386
-0.297263
-2.47805
-3.99849
-4.60123
-4.90624
-5.14673
-2.75083
0.279485
0.83893
-1.61349
-4.87697
-5.87209
-4.07239
-0.879423
0.911136
0.616403
0.00475943
0.809168
2.46587
2.45364
0.443211
-2.08033
-4.15018
-4.81345
-4.12992
-3.80645
-4.14453
-4.86046
-5.25124
-4.95307
-3.66236
-1.54999
0.982439
3.03251
2.71684
0.0540068
-3.56044
-5.2465
-2.95282
0.611865
2.51588
1.3312
-1.28383
-2.36769
-0.75316
2.04288
3.30813
2.04192
-0.761123
-2.8399
-2.13866
-0.142445
0.577104
-0.812496
-1.59527
0.381806
2.16251
1.63467
-0.553549
-1.47647
-1.65859
-2.59279
-2.25658
0.241556
3.58437
5.49509
4.98989
3.73241
1.55878
-0.893461
-2.4498
-2.36483
-0.104349
2.47617
3.07205
0.894567
-2.24477
-3.97331
-3.83982
-3.47121
-3.77002
-4.03048
-2.61827
0.390592
3.24229
4.50959
4.76792
4.7763
2.82751
-0.164918
-1.27677
0.675449
3.58029
4.68453
4.66659
4.64207
4.36779
3.60067
1.39612
-1.17508
-3.24107
-3.38711
-1.08523
1.55066
3.36407
4.13347
3.97122
3.90329
3.68031
3.54641
3.54779
3.53251
3.64986
3.66506
2.22667
-0.658846
-3.82875
-5.23506
-2.99232
0.365982
1.16614
-0.824676
-2.25551
-0.341373
3.24321
4.51417
2.41008
-0.588182
-1.28392
0.312117
0.863864
-1.0938
-3.75526
-4.05121
-1.68551
0.990673
1.58077
-0.365011
-3.49488
-5.09104
-3.22569
-0.1266
2.73169
3.6802
1.95899
-1.15109
-3.88859
-5.01207
-3.45456
-0.734927
1.69644
2.65463
1.15348
-1.55002
-3.85221
-4.86605
-4.93763
-4.49157
-2.84318
-0.485991
0.227666
-1.1765
-2.09892
-0.864113
-0.171482
-1.46876
-1.81824
0.131007
1.49184
-0.446828
-1.94791
-0.453009
1.2082
-0.170761
-3.3783
-4.88677
-4.43153
-4.25906
-4.47344
-4.50217
-2.33191
0.677535
1.38639
-0.356534
-1.41396
0.606604
1.96242
0.453081
-0.973963
0.0190358
1.20813
-0.0801926
-2.46162
-3.64117
-3.74589
-3.86116
-2.10693
0.956292
3.73491
5.12846
5.1173
4.87074
2.78057
-0.171004
-1.05989
0.474515
1.50028
0.302145
-0.607209
1.07831
3.54543
4.41749
4.16682
4.31293
4.77
5.0258
3.25991
0.280884
-2.3006
-3.21988
-2.75425
-2.89755
-3.55676
-3.87489
-2.08127
0.658498
2.11365
0.943231
-1.65792
-3.13116
-3.33149
-3.30456
-2.04005
0.260666
2.93648
4.36419
3.14238
0.581212
-2.26728
-3.65734
-2.3424
0.2649
2.86109
3.95217
3.9131
3.75115
3.4561
3.21639
3.0554
3.12604
3.55228
3.69528
1.97187
-1.03038
-1.72917
0.412373
1.80224
0.0707368
-1.27793
0.288729
1.92225
0.580992
-2.87466
-4.76016
-2.94578
0.354504
1.59741
-0.24247
-1.8633
-0.300019
2.57072
3.79748
3.49261
3.30536
1.66709
-1.24891
-2.16365
-0.38081
1.13594
-0.04584
-3.19665
-4.81768
-3.49186
-0.854211
2.22096
3.62778
1.96559
-1.174
-3.83476
-4.86998
-4.56669
-4.39239
-4.33486
-4.22758
-4.51243
-4.42369
-3.17425
-0.825063
1.88708
3.5997
2.39863
-0.505213
-1.70344
-0.225234
1.07253
0.0673027
-1.21701
0.00349617
2.7827
3.97386
2.24003
-0.952598
-2.15392
-0.415159
2.95521
4.60493
2.56567
-0.469861
-2.02746
-0.700579
2.24929
4.01206
2.74499
0.230792
-0.977557
0.405439
3.28789
4.87994
3.56763
0.666492
-2.2418
-3.42263
-3.59033
-3.48046
-2.07452
0.735061
3.56576
4.68204
4.79075
4.77853
3.23113
0.152447
-2.64795
-3.58664
-3.22931
-3.08229
-1.72481
0.989547
2.33457
1.03903
-1.44929
-2.40146
-2.48931
-3.20929
-2.85106
-0.721616
2.34593
4.33968
4.95316
4.87136
2.99262
-0.181712
-2.82409
-3.88567
-3.53965
-3.2649
-3.46409
-3.47511
-3.25077
-2.66894
-2.09541
-1.98109
-2.65754
-3.50479
-2.7041
-0.0476207
2.92341
4.38923
4.18803
4.24271
2.79124
-0.0591739
-3.18868
-4.38785
-2.36876
0.254083
0.661472
-0.892303
-1.25969
0.574957
2.30095
0.877644
-2.22068
-3.65417
-2.04342
0.73749
2.87997
3.8589
4.08463
4.22907
2.13748
-1.12348
-2.94949
-1.46717
1.65223
3.16617
1.28989
-1.74305
-2.66177
-0.754535
2.47337
3.72854
1.65892
-1.24256
-2.61131
-1.16846
1.56884
3.09567
3.23205
3.00921
2.86204
2.74035
2.96115
3.0701
1.94343
-0.488324
-3.19973
-4.47836
-4.51185
-4.4684
-3.1274
-0.448584
2.37034
3.73861
3.38289
2.87745
3.38709
3.63334
2.1365
-0.710623
-2.39715
-1.32043
1.50166
3.52982
2.53285
-0.506837
-3.4866
-4.61557
-4.32119
-3.98864
-2.50881
0.321625
3.13582
4.17404
2.85958
0.620322
-1.75988
-3.49442
-3.95614
-3.96743
-4.0105
-3.97413
-2.52644
-0.124549
0.880565
-0.357106
-2.6472
-3.56967
-3.49824
-3.48897
-1.94824
0.295563
1.28922
-0.0205088
-0.91258
0.46713
3.48293
4.91521
3.33035
0.444823
-2.45195
-3.55791
-3.42555
-3.3418
-3.17214
-3.14161
-2.99287
-3.05349
-3.04324
-2.85575
-3.12704
-3.31852
-1.68325
1.17382
3.96325
5.05431
3.03907
-0.0338538
-1.31189
0.426436
3.71873
5.02742
3.13511
0.612985
0.0709224
1.5005
2.21355
0.550377
-0.961495
-0.0590943
2.62361
3.79919
1.88258
-0.911483
-1.29321
0.896589
3.74762
5.01251
4.94316
4.88922
3.49834
1.02983
-1.70439
-3.37316
-2.23111
0.128641
1.04103
-0.542082
-2.99184
-3.65951
-1.70608
0.829694
2.78915
3.41709
3.31228
3.44149
3.35952
2.89345
2.67724
2.67518
1.26067
-1.38783
-2.4573
-0.657174
2.24895
3.84067
3.85152
3.73692
1.9564
-0.513391
-1.40236
0.354531
2.9414
3.61535
1.31261
-1.3899
-2.04672
-0.26654
2.58214
3.99147
3.60309
2.83018
2.16687
1.92719
2.19581
2.80192
3.00332
2.96001
2.85621
3.12745
3.61559
3.81848
2.04874
-0.829024
-3.69246
-5.09109
-4.81415
-4.66813
-4.65364
-4.6186
-2.70964
0.158013
1.34872
-0.0762881
-1.0184
0.406601
1.05103
-0.499828
-1.90196
-0.372981
2.96119
4.58981
2.86556
-0.318857
-3.46076
-5.00215
-3.03754
0.370844
3.3397
4.36072
3.76732
3.39032
1.96353
-0.35493
-1.11407
0.259821
1.41162
0.130583
-2.71219
-4.26368
-2.61459
0.359869
1.42197
-0.350897
-1.24287
0.364927
1.89037
0.606846
-2.22404
-3.45977
-3.40635
-3.39726
-3.56525
-3.65218
-1.8688
0.951648
3.72146
4.62546
2.7594
-0.234661
-2.74571
-3.91632
-1.95788
0.763554
2.17413
1.06452
-1.28502
-2.58489
-2.97748
-2.90152
-1.69044
0.539144
3.14006
4.31111
2.71551
-0.109002
-1.0832
0.760848
2.04286
0.902999
-0.610666
0.375903
2.62387
3.73318
3.73199
3.84991
4.1768
4.52528
4.86135
4.9257
2.83396
-0.224419
-1.37407
0.566329
3.66476
4.99332
2.73918
-0.301292
-1.49004
-0.204691
2.50188
4.00186
4.22357
3.88292
1.83297
-0.854666
-1.5324
0.336308
2.70918
3.47697
2.97977
3.07482
3.48841
3.40895
1.58767
-1.19768
-3.46387
-4.37337
-4.23107
-4.28617
-4.53045
-4.57973
-4.36203
-4.28534
-3.89818
-3.53931
-3.35403
-3.44505
-3.93777
-4.42375
-3.01817
-0.419005
2.53582
3.91399
2.16486
-0.748947
-3.70572
-4.98846
-3.11032
-0.315489
0.802621
-0.37639
-1.26125
-0.0310562
0.803435
-0.519247
-1.68783
-0.441799
2.41866
4.11607
2.40621
-0.756504
-1.78397
0.160358
1.5411
-0.0474299
-1.75156
-0.561786
2.44263
3.80197
1.92769
-1.12973
-1.87328
0.0878446
1.47671
-0.221427
-3.42402
-4.50048
-2.63533
-0.0933539
2.55573
4.2421
2.84374
-0.256388
-1.94974
-0.478615
2.89719
4.26624
2.73813
-0.0425498
-2.66477
-3.59573
-1.86362
1.37025
3.97764
4.44402
2.11133
-0.520056
-1.15208
0.377687
1.51547
0.340648
-1.96155
-3.02249
-3.16588
-3.15265
-1.63718
1.03706
1.90122
0.318038
-0.806665
0.473822
1.5146
0.0946877
-0.932875
0.411303
3.53258
5.13623
3.49127
0.352151
-2.59333
-3.90539
-3.65396
-3.65542
-3.42607
-3.19796
-3.26526
-3.23548
-1.63742
1.01108
1.76388
-0.0609166
-1.13759
0.408071
3.57878
4.97359
2.73105
-0.465064
-1.91065
-0.164657
3.07849
4.67558
2.74005
-0.210724
-1.54695
-0.0825885
2.58077
4.15248
4.34833
3.99843
2.47231
0.117398
-2.52416
-4.18972
-3.41433
-1.04618
1.84267
3.46236
3.83054
3.49732
1.98227
-0.613289
-3.10892
-4.37608
-4.26596
-3.71479
-3.731
-4.34623
-5.14933
-5.17986
-3.08061
-0.232835
0.452726
-1.10215
-1.85817
-0.239552
2.49267
3.7483
3.6648
3.47463
1.89607
-0.814189
-3.54993
-4.83937
-3.06455
-0.1184
1.1831
-0.543157
-2.96782
-4.05821
-3.76855
-3.60954
-2.61054
-0.336363
2.2102
3.81466
3.98804
3.5688
3.5472
3.73196
2.37974
-0.0438792
-1.35896
0.0939269
2.74901
4.25407
4.41764
4.49523
4.16104
3.69917
3.50429
3.58871
2.41247
0.123697
-2.78607
-4.36211
-3.04164
-0.0639205
3.08295
4.64636
4.24278
3.68071
3.22246
3.2459
3.60607
3.65929
1.98916
-0.597862
-1.45728
0.269371
3.11728
4.61869
2.6411
-0.270158
-1.16876
0.454484
1.74657
-0.00843245
-2.90702
-3.84092
-1.80248
0.871804
1.46109
-0.300613
-2.78826
-3.94722
-3.27214
-2.82205
-2.85485
-2.99817
-1.68667
1.18685
3.9675
4.9796
3.06734
-0.0297396
-2.74083
-3.93914
-2.29814
0.569629
3.24242
4.45357
4.31615
4.10744
4.24952
4.23082
3.00991
0.609379
-2.13862
-3.39878
-1.58639
1.63901
2.39835
0.333215
-1.2452
0.0253745
1.51214
0.264498
-1.27402
-0.528515
2.31269
4.19031
2.92268
-0.0305394
-3.11781
-4.51995
-2.57336
0.424426
1.91627
0.512509
-2.62281
-3.91635
-2.07472
0.614666
1.26246
-0.452314
-1.43724
0.148111
2.79629
3.47886
0.971331
-1.87625
-2.19062
0.00433898
1.25303
-0.538785
-3.53327
-4.89507
-4.73915
-4.47487
-2.937
-0.0403796
2.78054
3.75161
1.90263
-0.986498
-3.87141
-5.10455
-3.59516
-0.647782
2.37014
3.3719
1.83341
-0.791933
-3.09527
-4.17452
-4.04702
-3.75017
-3.75671
-3.54349
-1.98907
0.352435
0.953989
-0.554005
-1.29529
0.240007
0.9293
-0.653175
-1.71199
-0.16862
1.17157
-0.262076
-1.39382
0.167233
3.32694
4.81363
2.94492
-0.0708811
-2.74922
-4.03411
-4.20481
-4.23339
-2.32767
0.396199
1.49816
-0.0266726
-0.995552
0.324585
1.23704
-0.382821
-1.90064
-0.852527
2.2804
4.25171
2.84869
-0.170712
-1.34663
0.365184
3.63905
5.2629
4.81731
4.12257
3.89787
3.78388
2.0902
-0.442733
-1.05556
0.684003
1.82977
0.286965
-2.51718
-3.99789
-2.49213
0.257317
3.14781
4.61493
4.61664
4.50723
4.42816
4.09608
2.46638
0.156257
-1.93868
-2.77607
-3.09373
-3.4618
-2.17831
0.632168
3.502
4.36335
2.15188
-0.681635
-1.42479
0.525432
3.32756
4.35651
2.59311
-0.0784119
-2.57723
-3.61008
-1.8594
1.09626
3.39406
4.21449
4.05944
3.77427
2.13525
-0.392154
-1.29689
0.175434
2.36293
3.03893
3.06441
3.2331
1.9312
-0.578669
-1.58938
0.274241
1.27453
-0.107908
-1.37259
0.170123
2.64224
3.4307
3.11807
3.46951
4.15826
4.32091
3.95412
3.78022
3.48525
3.35178
3.25136
3.34423
3.7317
3.88336
1.9143
-1.22687
-2.5562
-0.657567
2.79662
4.44559
4.26264
3.93755
2.05638
-0.517547
-1.40827
0.230429
1.01476
-0.51479
-1.62243
-0.0762817
1.26151
0.0312498
-2.8787
-4.38868
-4.34142
-4.22563
-4.20967
-4.54383
-4.59622
-4.60219
-4.10319
-3.43778
-3.28721
-3.58667
-2.15183
0.75538
1.67111
-0.238434
-1.7941
-0.195143
2.91065
4.45015
4.4198
4.15115
2.18788
-0.544292
-0.895995
1.15405
2.29285
0.643575
-0.750773
0.8221
3.27932
4.0621
4.01975
4.50078
3.33024
0.40365
-2.68885
-3.99636
-3.52511
-3.07816
-2.86564
-3.0904
-3.47289
-3.27804
-1.22586
1.5263
2.21844
0.265637
-2.60613
-3.96955
-3.74148
-3.76645
-3.8607
-3.55066
-1.66676
1.00258
3.37735
4.19845
2.10898
-0.643828
-1.1945
0.854673
3.47021
4.1104
3.46832
3.38165
3.62627
3.58524
3.88617
4.19595
3.03719
0.516715
-2.62232
-4.29722
-2.77126
0.243757
1.52784
-0.180608
-3.10871
-4.36305
-3.97033
-3.71969
-3.8472
-3.67761
-1.7671
1.09716
2.18314
0.664974
-2.55172
-4.33797
-2.74314
0.299833
1.73774
0.429
-2.79633
-4.57934
-4.43733
-4.08309
-4.06033
-4.19443
-2.67513
0.303788
2.53683
3.06375
2.71618
3.17143
3.95518
4.07928
2.22646
-0.665444
-3.26
-4.05181
-3.84433
-3.89505
-4.58644
-4.98712
-3.42781
-0.532859
2.42678
3.32012
1.48879
-1.29718
-3.65611
-4.72037
-3.2895
-0.628141
2.18395
3.27302
1.8221
-0.813421
-3.26448
-4.19419
-2.88077
-0.256067
2.31964
3.33687
1.66397
-0.921027
-1.70147
-0.288802
0.487833
-0.781676
-1.51906
-0.00950396
1.12995
-0.120441
-0.837673
0.736564
1.43655
-0.419135
-1.54435
0.20918
1.48156
-0.142073
-1.41297
0.346782
3.74704
5.40467
3.26467
-0.151944
-1.26991
0.601886
1.85474
0.128329
-1.38602
-0.00784421
1.34436
-0.0299428
-0.836725
0.953377
1.74884
-0.078044
-1.49997
0.16103
3.6203
5.1003
3.19466
0.149211
-2.78312
-4.06042
-1.86832
1.21159
2.249
0.848433
-0.475872
0.602594
1.50736
0.231989
-0.50555
0.854627
1.74366
0.138792
-2.68999
-4.03238
-1.85573
1.20957
1.95684
-0.00129712
-1.482
0.00917709
3.08402
4.14089
2.24602
-0.379427
-1.06138
0.661387
1.67672
0.118964
-1.45879
-0.436092
2.53489
3.97694
2.27581
-0.619456
-3.32814
-4.58803
-2.90638
0.102585
2.87017
3.95886
2.28376
-0.308728
-2.62323
-3.57096
-1.96717
0.584291
1.64377
0.191988
-2.66782
-3.92038
-2.36883
0.293743
1.02083
-0.567447
-1.26881
0.265966
1.07869
-0.319789
-1.70637
-0.637171
0.0553387
-1.46362
-2.0388
-0.179314
2.79749
4.1252
4.16992
4.02763
2.03199
-1.18051
-4.03369
-5.07821
-3.06475
-0.268787
0.765233
-0.739307
-1.63954
-0.497254
0.673673
-0.48262
-1.79883
-0.604199
2.01212
3.58318
3.70309
3.51034
3.69581
4.00402
2.20484
-0.658343
-1.90252
-0.264563
3.06225
4.62781
2.75126
-0.476243
-1.50228
0.115641
1.55944
-0.13537
-2.87915
-3.9341
-3.55098
-3.20376
-1.8262
0.795547
3.43232
4.85063
4.39918
3.6738
3.63216
4.18856
3.39675
0.767082
-2.39066
-3.46445
-1.5508
1.46893
3.94456
5.00548
4.53866
4.15682
4.0811
4.09763
2.93663
0.470432
-2.23449
-3.25472
-1.46189
1.42165
3.92034
4.75712
2.75019
0.221695
-0.594811
0.789001
1.96541
0.638485
-1.76663
-2.62259
-1.30876
0.961318
3.37581
4.63702
3.02512
0.0313011
-0.998062
0.4658
1.80985
0.55421
-0.895728
0.17438
2.8337
4.10164
2.5145
-0.424952
-3.03662
-4.09661
-2.05235
0.830356
1.81791
0.315453
-1.14085
0.207657
3.12732
4.22389
2.30414
-0.590691
-1.47669
0.507878
3.55447
4.80194
2.51435
-0.645198
-1.74887
-0.229749
0.736084
-0.959687
-3.61113
-4.32295
-2.30264
0.321759
2.8298
3.9586
2.16854
-1.10577
-3.78726
-4.30881
-3.70694
-3.32513
-2.13915
0.265711
2.80374
3.57927
1.95206
-0.775693
-3.54989
-4.90695
-3.30757
-0.527428
0.581217
-0.757944
-1.67823
-0.415346
0.589339
-0.784892
-3.16502
-4.14009
-4.29939
-4.52403
-2.98118
-0.0637763
1.01217
-0.565195
-1.7908
-0.41906
0.88714
-0.732512
-3.52934
-4.70677
-2.67528
0.423929
1.55662
-0.195463
-3.55351
-5.1853
-4.62474
-3.76779
-3.18996
-3.03986
-3.43964
-4.00875
-2.86837
-0.477989
0.696903
-0.715269
-3.45153
-4.87454
-2.84307
0.364053
2.91904
3.65034
3.24352
3.68458
4.39231
4.03927
1.96859
-0.630382
-1.51456
-0.179169
2.17495
3.70995
4.28928
4.62712
4.62831
4.14604
1.94423
-0.837477
-1.62989
0.0623887
3.36851
4.84914
2.83288
-0.471018
-2.94686
-3.51363
-3.02688
-3.33497
-3.59144
-3.42823
-3.28098
-3.13001
-1.90549
0.511384
3.07314
4.50465
4.7598
4.62317
4.48793
4.46831
2.81491
0.346203
-0.933128
0.0329856
2.67463
4.21295
2.72704
-0.0466995
-1.20472
0.251716
3.28868
4.59928
3.18277
0.501822
-2.31693
-3.46552
-1.83578
1.21139
3.79123
4.61714
3.92761
3.52176
3.78319
3.82753
2.46773
0.0375513
-2.21197
-3.10273
-3.42618
-3.68265
-2.18762
0.452177
1.46111
0.0892706
-0.908483
0.593823
1.56557
-0.45729
-3.63813
-4.79086
-2.59243
0.812845
3.65219
4.92628
2.88867
-0.460671
-3.30944
-4.38952
-3.86023
-3.61069
-3.87269
-3.67271
-2.01341
0.388094
1.26866
-0.229819
-3.16874
-4.71377
-2.90396
0.310553
1.38117
-0.423853
-1.79773
-0.267652
1.14906
-0.173699
-3.14852
-4.43862
-2.52614
0.538207
3.1211
4.27923
4.04087
4.02376
3.87074
3.48022
1.94743
-0.437481
-2.90768
-4.05386
-2.31421
0.621952
1.46726
-0.479098
-3.38296
-4.14953
-1.97558
0.560447
1.38484
0.114487
-2.43618
-3.96606
-2.81978
-0.276913
2.54827
3.64791
1.81275
-0.947913
-1.82359
-0.225887
2.50145
3.79215
3.97511
3.8544
2.45655
0.00984383
-2.44635
-3.74196
-4.07803
-3.77832
-1.72358
1.05962
1.68175
-0.0167012
-1.49297
-0.288969
2.61239
4.34782
4.38887
3.83923
3.48349
3.75971
4.4047
4.64556
3.04833
0.411392
-2.41776
-3.84251
-3.89941
-3.90027
-4.01788
-4.11216
-2.32895
0.498913
2.84916
3.51913
3.53846
3.9295
2.62237
-0.209171
-1.59779
-0.094733
3.13677
4.35842
2.57396
-0.446953
-2.96
-3.71682
-1.6635
1.29274
3.67212
4.22013
2.33068
-0.207628
-2.21219
-2.9848
-2.99221
-2.91419
-3.01676
-3.06153
-3.35865
-3.34866
-1.67372
0.677853
0.998787
-1.01137
-1.61506
0.260512
1.39627
-0.23241
-1.56205
-0.177097
0.998405
-0.462299
-3.37362
-4.78375
-2.71835
0.561265
1.80072
-0.120075
-3.51927
-5.1764
-4.77608
-4.06085
-2.01263
0.428714
0.809667
-1.17652
-2.1432
-0.673368
0.70983
-0.787121
-3.68818
-4.8419
-2.85069
0.0359616
2.3444
3.287
3.21435
3.56226
3.68647
3.583
3.32964
3.2524
3.47979
3.32558
1.48335
-1.27495
-2.06518
-0.230185
2.97949
4.52667
2.38227
-0.695155
-2.10157
-0.805813
2.28838
3.72148
1.97304
-0.880509
-1.95296
-0.350482
0.865595
-0.662334
-3.03966
-3.96847
-3.45681
-3.31753
-3.80349
-4.12466
-2.42318
0.565502
3.14694
3.76316
3.67628
4.14737
3.18009
0.291767
-2.91115
-3.90373
-2.19593
0.499079
2.97224
4.44657
4.68219
4.19031
2.43118
-0.131819
-2.57409
-3.36795
-1.86593
0.754827
3.04892
4.41166
4.72769
4.27275
2.26635
-0.173687
-0.609641
1.08597
2.31091
0.90383
-1.87573
-3.62577
-3.8909
-3.46756
-1.28874
1.57567
2.30453
0.375556
-1.03585
0.135174
3.11957
4.72682
4.55167
4.11673
4.07643
4.3596
2.89608
-0.0299001
-2.68004
-3.45232
-3.29266
-3.67099
-4.23208
-4.4404
-4.25382
-3.87454
-2.13766
0.450152
3.06152
4.37504
4.54447
4.36749
2.53775
-0.356011
-3.05348
-3.91908
-2.16237
0.19102
2.63645
3.92638
2.42307
-0.157484
-1.42207
0.077461
2.70307
3.63442
2.10023
-0.588195
-2.83482
-3.71779
-3.88871
-3.96585
-2.62462
-0.251621
0.81087
-0.322626
-1.00392
0.250507
0.880983
-0.892489
-3.35115
-4.22389
-4.27848
-4.61288
-2.99433
0.0484101
1.17996
-0.838733
-3.80616
-4.61678
-4.0679
-4.16912
-4.80384
-4.74376
-2.6078
0.342279
1.35253
-0.331198
-3.20574
-4.52421
-4.46041
-4.59783
-4.60067
-4.46555
-4.26614
-4.39076
-4.36632
-3.97698
-3.88172
-4.08616
-2.80563
-0.137255
2.67192
3.77649
3.45872
3.24261
3.24783
3.58774
3.63411
3.30981
1.36405
-1.14197
-1.57638
0.223674
0.892863
-0.659041
-1.91538
-0.335177
2.53689
3.41618
1.48197
-1.0628
-3.42052
-4.45645
-2.47438
0.532846
1.87297
0.470495
-2.27622
-3.48331
-3.57444
-3.37871
-1.63736
0.954126
1.71354
-0.288563
-3.07815
-4.03178
-1.72761
1.18058
1.79955
0.19525
-0.931762
0.764174
3.34045
4.43568
4.07975
3.82746
4.0103
4.1493
4.20603
4.44451
4.41397
4.46159
4.63389
4.9006
3.32856
0.387332
-2.66324
-3.67168
-1.48136
1.4789
4.02536
5.16338
4.81976
4.02314
1.85156
-0.598555
-1.06451
0.43452
1.34001
0.143682
-0.493246
1.23332
3.94737
4.65362
2.22223
-0.997933
-1.48218
0.510719
1.6386
-0.134975
-2.8421
-3.79633
-3.207
-2.93591
-3.50949
-3.86819
-2.47338
0.299177
1.84984
0.554154
-2.68248
-4.52937
-3.156
0.013876
3.07539
4.06634
1.81569
-1.34653
-3.52011
-4.0486
-3.65404
-3.42023
-2.17935
0.221037
2.4007
3.34749
3.11642
2.90475
3.16629
3.40596
1.98873
-0.443371
-1.42037
-0.0576919
0.611358
-0.996483
-1.73623
0.0316635
2.66437
3.32551
3.0277
3.2304
2.13827
-0.433402
-3.57815
-4.97256
-3.426
-0.599674
2.358
3.92515
4.03183
3.4028
1.34965
-1.03628
-1.73963
-0.114932
2.20737
3.17915
3.17466
3.38602
3.7764
3.74223
1.70551
-0.964028
-1.68337
-0.0870999
1.24004
-0.27035
-3.231
-4.82585
-4.36129
-3.46919
-3.04056
-3.56436
-4.28536
-4.69904
-4.51503
-3.94399
-1.78569
1.15718
3.6127
4.5899
4.50954
4.37518
2.43852
-0.510989
-2.91388
-3.50521
-3.25041
-3.14485
-1.63172
0.985402
1.66371
0.0194244
-1.45593
-0.24443
2.74624
4.54458
3.40052
0.532884
-2.59599
-4.11117
-4.21933
-3.94747
-2.26314
0.367727
2.97736
4.09288
3.94601
3.55275
3.7399
4.01285
2.97856
0.720039
-2.04394
-3.06284
-1.11646
1.74317
2.31755
0.285002
-2.39998
-3.19749
-2.76723
-2.51574
-1.36284
0.81837
3.29212
4.5653
3.34195
0.64315
-2.51759
-4.09014
-2.47736
0.310832
1.62576
0.208199
-2.2159
-3.33862
-3.24989
-3.2616
-3.24693
-3.06629
-3.22224
-3.39349
-1.85441
0.789989
1.67242
-0.404426
-1.54873
0.223285
1.91886
0.344168
-2.8119
-4.16024
-3.79338
-3.7615
-4.44296
-4.97627
-3.10185
0.0780131
1.89814
0.650011
-2.45198
-4.19149
-4.58951
-4.52681
-2.52239
0.44133
1.66319
-0.107706
-2.69124
-3.72958
-3.81503
-4.11715
-2.97483
-0.323353
2.77233
4.15805
3.78676
2.9679
2.82471
3.50494
4.0395
3.72757
3.05365
2.69322
2.90802
3.2221
3.64376
3.84411
3.69448
3.58304
3.57519
3.57227
1.82284
-0.976287
-3.76355
-4.93288
-2.78489
0.155346
1.06885
-0.475034
-1.63737
-0.480735
0.674242
-0.488458
-1.2857
-0.055403
0.549221
-0.948127
-1.70572
-0.0754878
2.96636
4.26785
2.12618
-0.731384
-1.53831
0.198555
3.18997
4.28722
2.30163
-0.221197
-1.13546
0.375625
1.11978
-0.616898
-1.7046
-0.291603
1.35725
0.315874
-2.67321
-4.23453
-2.40725
0.885571
3.79125
5.00538
4.96699
4.95192
3.282
0.206979
-2.68402
-3.5151
-1.28536
1.59184
2.21118
0.439254
-0.792832
0.816819
3.90967
4.95599
2.82853
0.0245011
-0.607027
1.38879
4.02539
5.40149
5.10283
4.53379
2.6589
0.394255
-0.255157
1.42077
3.78399
4.4713
2.34037
-0.702839
-3.09709
-3.74322
-1.79525
1.23005
3.39358
4.18975
3.805
3.6417
3.83186
3.92284
3.88298
3.75525
3.52876
3.36405
3.78003
4.33022
2.8447
-0.0161361
-1.15778
0.564399
1.67571
-0.103193
-1.51952
0.347422
3.8159
5.04148
2.57681
-0.84275
-1.59834
0.397533
1.69947
0.0117732
-1.58148
-0.218234
2.57737
3.55339
3.69225
4.02199
2.62351
-0.481525
-1.71365
0.20392
3.47781
4.20898
1.66248
-1.7084
-4.31081
-4.82557
-2.43215
0.549243
1.27567
-0.495603
-3.17678
-4.26016
-4.05871
-4.0145
-4.10368
-4.07638
-4.02052
-4.09543
-4.30057
-4.24833
-2.21197
0.712609
1.31
-0.735912
-2.15142
-0.549057
2.62064
4.13069
3.63231
2.92321
2.91679
3.42089
2.15032
-0.701335
-1.97585
-0.49636
0.903781
-0.439656
-3.03051
-4.29651
-4.22513
-3.99273
-2.12279
0.779948
3.21212
4.38449
4.25786
4.00498
2.23716
-0.732821
-3.02481
-3.87163
-3.67176
-3.40004
-1.76885
1.04932
3.39486
4.18069
3.72852
3.52387
3.8878
4.39243
3.26505
0.701745
-2.10488
-3.06292
-3.11271
-3.36847
-1.93966
0.870281
3.64097
4.58273
4.30373
4.14195
2.69552
-0.12673
-2.82576
-3.69396
-2.02113
0.713543
3.30468
4.64535
3.30355
0.784062
-1.62694
-2.61054
-2.83366
-2.87028
-1.65815
0.685741
2.81786
3.76262
3.97567
3.98156
2.28828
-0.38923
-1.03693
0.561387
1.63941
0.238108
